\\Yearly HOEP OR Predispatch Report,,,,,,,,
\\Created at 2018-08-30 08:02:56,,,,,,,,
\\For 2017,,,,,,,,
Date,Hour,HOEP,Hour 1 Predispatch,Hour 2 Predispatch,Hour 3 Predispatch,OR 10 Min Sync,OR 10 Min non-sync,OR 30 Min
2017-01-01,1,0,5.94,0,0,,,
2017-01-01,2,0,0,2.2,0,,,
2017-01-01,3,0,0,0,0,,,
2017-01-01,4,0,0,0,0,,,
2017-01-01,5,0,0,0,0,,,
2017-01-01,6,0,0.01,0,1.99,,,
2017-01-01,7,0,5.94,6.04,6.02,,,
2017-01-01,8,1.71,6.74,8.42,6.74,,,
2017-01-01,9,0,5.74,5.7,5.84,,,
2017-01-01,10,0,5.94,5.94,0,,,
2017-01-01,11,0.82,6.92,6.92,5.9,,,
2017-01-01,12,0,14.35,14.37,14.35,,,
2017-01-01,13,0,6.04,14.39,14.34,,,
2017-01-01,14,0,6.02,14.36,14.39,,,
2017-01-01,15,0.95,8.2,14.26,14.29,,,
2017-01-01,16,6.44,20.09,14.39,14.35,,,
2017-01-01,17,1.31,59.47,64.04,62.47,,,
2017-01-01,18,12.3,26,30.09,47.15,,,
2017-01-01,19,19.65,26,26,26,,,
2017-01-01,20,6.26,30,30.09,26,,,
2017-01-01,21,12.97,26,26,26,,,
2017-01-01,22,12.98,26,26,26,,,
2017-01-01,23,12.98,26,26,14.39,,,
2017-01-01,24,40.95,26,26,21.14,,,
2017-01-02,1,17.58,24,26,20.61,,,
2017-01-02,2,22.08,14.38,14.38,14.35,,,
2017-01-02,3,6.44,13.04,14.21,9.09,,,
2017-01-02,4,0,6.04,6.02,5.94,,,
2017-01-02,5,0,9.09,5.94,5.7,,,
2017-01-02,6,-0.75,25,25,26,,,
2017-01-02,7,-0.25,25,25,26,,,
2017-01-02,8,-0.25,28.17,27.99,25,,,
2017-01-02,9,0,25.35,30,25,,,
2017-01-02,10,0,26,30.55,25,,,
2017-01-02,11,0,26,40.76,31.98,,,
2017-01-02,12,4.67,26,26,30,,,
2017-01-02,13,13.67,25.99,26,26,,,
2017-01-02,14,14.37,26,26,26,,,
2017-01-02,15,18.22,26,26,26,,,
2017-01-02,16,13.73,32.95,32.95,26,,,
2017-01-02,17,5.61,53.7,54.41,46.08,,,
2017-01-02,18,5.83,55.13,55,48.19,,,
2017-01-02,19,5.92,54,54,39.99,,,
2017-01-02,20,12.33,26,35,27.82,,,
2017-01-02,21,13.03,26,32.85,26,,,
2017-01-02,22,72.01,35.5,35,26,,,
2017-01-02,23,119.21,27,27,27.46,,,
2017-01-02,24,8.87,30.55,26,26,,,
2017-01-03,1,8.47,14.37,33.84,26,,,
2017-01-03,2,4.57,30,30,26,,,
2017-01-03,3,0.48,27.93,30,22.61,,,
2017-01-03,4,0,30,15,26,,,
2017-01-03,5,0,14.35,26,14.36,,,
2017-01-03,6,6.47,28,28,26,,,
2017-01-03,7,8.4,35,41.59,30,,,
2017-01-03,8,29.18,43.57,43.57,26,,,
2017-01-03,9,67.66,42,42,30.39,,,
2017-01-03,10,14.36,48.28,44.39,28,,,
2017-01-03,11,27.36,45.14,48.98,33.57,,,
2017-01-03,12,90.55,38.21,38.46,45,,,
2017-01-03,13,68.81,55,48.28,42,,,
2017-01-03,14,14.35,58.01,49.27,39.27,,,
2017-01-03,15,13.66,40,40,45.48,,,
2017-01-03,16,13.72,40,39.71,46.37,,,
2017-01-03,17,19.92,47.77,48.28,46.13,,,
2017-01-03,18,26.59,54,53.57,53.57,,,
2017-01-03,19,29.94,64,64,50,,,
2017-01-03,20,39.94,53.85,54,49.43,,,
2017-01-03,21,42.77,59.01,60,50,,,
2017-01-03,22,18.28,45.88,45.9,48.28,,,
2017-01-03,23,6.62,32,32,35.63,,,
2017-01-03,24,-0.5,14.34,14.35,14.36,,,
2017-01-04,1,-0.5,0,0,0,,,
2017-01-04,2,-0.5,0,0,0,,,
2017-01-04,3,-0.76,0,0,0,,,
2017-01-04,4,-3,0,0,0,,,
2017-01-04,5,-3,0,0,0,,,
2017-01-04,6,-0.25,0,5.13,0,,,
2017-01-04,7,0,14.4,14.39,14.4,,,
2017-01-04,8,0,26,26,14.36,,,
2017-01-04,9,0,14.35,14.39,14.37,,,
2017-01-04,10,0,0,14.36,14.35,,,
2017-01-04,11,0,0,14.32,14.37,,,
2017-01-04,12,0,0,0,5.7,,,
2017-01-04,13,0,0,5.13,4.75,,,
2017-01-04,14,0,0,5.7,5.7,,,
2017-01-04,15,3.02,14.34,14.24,5.7,,,
2017-01-04,16,8.07,14.36,14.39,14.34,,,
2017-01-04,17,9.5,26,27,35.76,,,
2017-01-04,18,13.6,27,27,28,,,
2017-01-04,19,40.99,14.39,27,34.97,,,
2017-01-04,20,58.08,18.5,26,35.76,,,
2017-01-04,21,13.74,27,26,35.76,,,
2017-01-04,22,18.84,26,26,14.39,,,
2017-01-04,23,58.87,15.07,27,35.76,,,
2017-01-04,24,22.14,14.35,14.38,14.37,,,
2017-01-05,1,11.96,14.34,14.33,5.72,,,
2017-01-05,2,2.38,0,0,0,,,
2017-01-05,3,0,0,0,0,,,
2017-01-05,4,0,0,0,0,,,
2017-01-05,5,0,4.64,0,0,,,
2017-01-05,6,3.59,31,31,30,,,
2017-01-05,7,1.82,41.16,41.44,41.44,,,
2017-01-05,8,9.97,36.08,36.34,36.09,,,
2017-01-05,9,30.66,30,31,31,,,
2017-01-05,10,35.68,30,30,30,,,
2017-01-05,11,32.9,30,28,35.13,,,
2017-01-05,12,36.33,29,29,36.11,,,
2017-01-05,13,32.47,30,29,36.1,,,
2017-01-05,14,36.74,30,30,38.93,,,
2017-01-05,15,14.37,32,30,38.38,,,
2017-01-05,16,15.91,32.89,36.1,39.44,,,
2017-01-05,17,18.54,41.47,42.95,45.02,,,
2017-01-05,18,42.56,51,50,48.55,,,
2017-01-05,19,38.22,39,41.5,40,,,
2017-01-05,20,41.04,43.35,40,42.51,,,
2017-01-05,21,37.21,41.34,41.88,41.34,,,
2017-01-05,22,39.14,38.9,42.49,38.93,,,
2017-01-05,23,18.4,36.08,36.09,38.93,,,
2017-01-05,24,17.05,14.36,14.39,44.87,,,
2017-01-06,1,33.97,45.55,45.55,41.88,,,
2017-01-06,2,29.82,43.87,45,41.88,,,
2017-01-06,3,25.65,38,36,40,,,
2017-01-06,4,14.38,29.03,29.03,33.27,,,
2017-01-06,5,14.38,32.07,30.5,30.3,,,
2017-01-06,6,10.78,39.52,35,33.29,,,
2017-01-06,7,31.3,50,60.13,41.01,,,
2017-01-06,8,37.11,41.01,60.13,49.21,,,
2017-01-06,9,38.29,41.01,41.01,43.3,,,
2017-01-06,10,40.12,44.76,52.52,40,,,
2017-01-06,11,14.82,37.74,40,51.87,,,
2017-01-06,12,9.66,51.01,54.59,33.57,,,
2017-01-06,13,13.66,32,40,37.48,,,
2017-01-06,14,13.5,36.08,36.08,39.83,,,
2017-01-06,15,35.94,39.54,39.52,37.31,,,
2017-01-06,16,35.18,37.53,37.59,37.29,,,
2017-01-06,17,39.01,39.73,39.75,39.72,,,
2017-01-06,18,38.76,40.3,40.42,40.42,,,
2017-01-06,19,38.59,40.41,54.28,39.59,,,
2017-01-06,20,36.4,40.3,40.3,40.33,,,
2017-01-06,21,37.57,40,40.3,40.33,,,
2017-01-06,22,38.31,40,40.38,39.99,,,
2017-01-06,23,38.79,40,41.12,47,,,
2017-01-06,24,37.5,40,40.4,39.8,,,
2017-01-07,1,41.2,45.86,45.86,43.1,,,
2017-01-07,2,32.44,40.47,40.49,40.58,,,
2017-01-07,3,14.39,35,36.86,40.48,,,
2017-01-07,4,27.84,39.18,37,39.18,,,
2017-01-07,5,23.74,39.19,39.19,42,,,
2017-01-07,6,34.72,36.89,38.44,39.18,,,
2017-01-07,7,31.24,38.43,43.77,39.82,,,
2017-01-07,8,24.19,35.18,36.18,39.18,,,
2017-01-07,9,21.87,36.7,36.18,39.18,,,
2017-01-07,10,31.71,55.12,55.12,39.18,,,
2017-01-07,11,21.17,54.79,55.14,39.18,,,
2017-01-07,12,15.79,35.18,38.45,39.18,,,
2017-01-07,13,12.79,48.56,50,32.18,,,
2017-01-07,14,9.87,36.18,40,39.18,,,
2017-01-07,15,14.36,36.18,36.18,39.18,,,
2017-01-07,16,10.64,34.18,34.18,38.89,,,
2017-01-07,17,20.01,36.75,35.87,39.18,,,
2017-01-07,18,34.22,51.52,42.32,39.18,,,
2017-01-07,19,35.38,39.18,39.18,39.18,,,
2017-01-07,20,28.32,38.14,38.14,38.79,,,
2017-01-07,21,13.66,32.22,32.22,38.38,,,
2017-01-07,22,11.92,34.03,33.96,37.89,,,
2017-01-07,23,5.6,29.19,29.2,36.75,,,
2017-01-07,24,10.04,20.77,20.9,36.75,,,
2017-01-08,1,0.42,30.78,30.78,38.44,,,
2017-01-08,2,10.83,24.41,31.78,37.13,,,
2017-01-08,3,0,11.21,11.2,36.78,,,
2017-01-08,4,0,14.36,14.35,11.16,,,
2017-01-08,5,0,11.18,11.19,11.18,,,
2017-01-08,6,0,11.21,11.2,11.2,,,
2017-01-08,7,0.4,11.22,13.66,11.19,,,
2017-01-08,8,4.18,13.66,14.16,14.36,,,
2017-01-08,9,11.59,28.78,28.78,30,,,
2017-01-08,10,5.53,29.78,29.78,14.37,,,
2017-01-08,11,0.48,32.18,32.18,36.75,,,
2017-01-08,12,6.57,27.5,28.5,34.01,,,
2017-01-08,13,13.64,32.75,35.93,39.78,,,
2017-01-08,14,35.69,39.78,39.78,39.78,,,
2017-01-08,15,34.07,39.78,39.78,39.78,,,
2017-01-08,16,37.29,39.78,39.78,39.78,,,
2017-01-08,17,45.1,52,52,48.52,,,
2017-01-08,18,56.86,56.98,52.01,65.63,,,
2017-01-08,19,54.15,76.57,65.63,76.57,,,
2017-01-08,20,48.45,52,52,57,,,
2017-01-08,21,39.95,40.05,40,40.57,,,
2017-01-08,22,40.06,39.49,39.79,40.47,,,
2017-01-08,23,34.8,39.47,38.64,40.27,,,
2017-01-08,24,38.5,38.44,38.44,39.48,,,
2017-01-09,1,3.58,52.63,52.63,36.78,,,
2017-01-09,2,3.99,49.32,49.32,49.13,,,
2017-01-09,3,0,36.75,36.11,40,,,
2017-01-09,4,0,31,35.53,32,,,
2017-01-09,5,0,30,30,30,,,
2017-01-09,6,0,34.01,36.75,36.75,,,
2017-01-09,7,36.57,73.5,78.77,75.55,,,
2017-01-09,8,39.15,125,119.02,100,,,
2017-01-09,9,48.26,85,81,74.72,,,
2017-01-09,10,33.17,37.01,37.03,37.01,,,
2017-01-09,11,14.35,30.01,29.01,36.78,,,
2017-01-09,12,10.37,29.78,29.78,36.78,,,
2017-01-09,13,20.2,29.75,29.75,14.36,,,
2017-01-09,14,22.29,29.78,29.78,29.78,,,
2017-01-09,15,40.47,40.26,40.47,39.49,,,
2017-01-09,16,40.29,40.57,40.47,39.48,,,
2017-01-09,17,72.84,75,67.31,40.51,,,
2017-01-09,18,39.22,183,95.17,48.76,,,
2017-01-09,19,39.31,100,105.98,45.86,,,
2017-01-09,20,34.16,76.01,72.06,72.06,,,
2017-01-09,21,33.94,39.34,52.92,44.84,,,
2017-01-09,22,24.48,38.13,39.42,39.47,,,
2017-01-09,23,9.18,14.4,31,38.13,,,
2017-01-09,24,1.49,6.06,14.34,14.39,,,
2017-01-10,1,0.97,14.38,10,14.36,,,
2017-01-10,2,0,14.36,28,5.96,,,
2017-01-10,3,0,4.78,14.35,14.37,,,
2017-01-10,4,0,0,0,14.26,,,
2017-01-10,5,0,0,0,0,,,
2017-01-10,6,0,14.35,14.34,14.35,,,
2017-01-10,7,0,33,33.29,34.93,,,
2017-01-10,8,8.92,50,51.09,60.13,,,
2017-01-10,9,9.51,14.37,54,35.53,,,
2017-01-10,10,0.4,14.35,14.36,14.37,,,
2017-01-10,11,14.35,14.38,26,5.96,,,
2017-01-10,12,19.01,27,27,14.36,,,
2017-01-10,13,14.39,26,27,21.18,,,
2017-01-10,14,9.5,14.4,27,14.38,,,
2017-01-10,15,4.89,26,14.36,21.24,,,
2017-01-10,16,6.19,25,14.4,6.06,,,
2017-01-10,17,11.53,14.39,26,14.39,,,
2017-01-10,18,12.34,26,27,26,,,
2017-01-10,19,12.26,26,26,26,,,
2017-01-10,20,102.31,26,27,26,,,
2017-01-10,21,154.43,27,28,31.5,,,
2017-01-10,22,140,26,26,6.06,,,
2017-01-10,23,34.02,25,25,5.96,,,
2017-01-10,24,0.48,3,14.34,0,,,
2017-01-11,1,0.81,0,0,0,,,
2017-01-11,2,0,0,0,0,,,
2017-01-11,3,0,0,0,0,,,
2017-01-11,4,0,0,0,0,,,
2017-01-11,5,0,0,0,0,,,
2017-01-11,6,0,0,0,0,,,
2017-01-11,7,1.4,5.96,14.35,0,,,
2017-01-11,8,6.06,26,36.59,55.13,,,
2017-01-11,9,12.98,27,28,26,,,
2017-01-11,10,7.42,27,27,26,,,
2017-01-11,11,2.79,28,28,35.76,,,
2017-01-11,12,12.38,14.4,26,35.5,,,
2017-01-11,13,6.24,14.38,14.38,14.35,,,
2017-01-11,14,15.74,16,14.39,14.36,,,
2017-01-11,15,56.5,14.39,20,14.36,,,
2017-01-11,16,14.37,26,20.26,26.76,,,
2017-01-11,17,4.89,26,26,20.26,,,
2017-01-11,18,6.39,26.76,26.76,38.11,,,
2017-01-11,19,6.97,15.97,26,38.11,,,
2017-01-11,20,8.82,14.4,14.4,27,,,
2017-01-11,21,0.82,5.96,6.79,14.38,,,
2017-01-11,22,9.18,6.04,14.35,14.38,,,
2017-01-11,23,5.62,0,0,0,,,
2017-01-11,24,0,0,0,0,,,
2017-01-12,1,0,0,0,0,,,
2017-01-12,2,0,0,0,0,,,
2017-01-12,3,0,0,0,0,,,
2017-01-12,4,0,0,0,0,,,
2017-01-12,5,0,0,0,0,,,
2017-01-12,6,-0.25,14.37,5.92,0,,,
2017-01-12,7,1.63,23,23,14.34,,,
2017-01-12,8,48.37,49.46,72.97,66.93,,,
2017-01-12,9,96.58,23,23,21.13,,,
2017-01-12,10,60.62,35.5,35.5,14.35,,,
2017-01-12,11,28.47,38.71,36.4,33.81,,,
2017-01-12,12,53.65,37.94,34.25,36.36,,,
2017-01-12,13,36.51,17,16.05,14.38,,,
2017-01-12,14,9.53,33.65,15.2,14.26,,,
2017-01-12,15,4.49,28.67,26.5,14.35,,,
2017-01-12,16,5.49,36.4,36.4,37.47,,,
2017-01-12,17,11.76,52.2,52.2,48.33,,,
2017-01-12,18,13.74,70,70,50,,,
2017-01-12,19,25.44,37.57,51,38.05,,,
2017-01-12,20,12.97,35.66,37.28,34.24,,,
2017-01-12,21,12.96,35.04,35.04,37.57,,,
2017-01-12,22,42.95,23,22.75,14.38,,,
2017-01-12,23,10.02,6.04,6.06,6.04,,,
2017-01-12,24,1.97,0,0,0,,,
2017-01-13,1,0,0,0,0,,,
2017-01-13,2,0,0,0,0,,,
2017-01-13,3,-0.27,0,0,0,,,
2017-01-13,4,0,0,0,0,,,
2017-01-13,5,-0.25,0,0,0,,,
2017-01-13,6,-0.25,4.78,5.72,0,,,
2017-01-13,7,15.28,23,23,37.49,,,
2017-01-13,8,32.15,37.49,37.52,37.49,,,
2017-01-13,9,30.19,23,23,34,,,
2017-01-13,10,9.38,37.23,23,38.68,,,
2017-01-13,11,14.35,34,35,39.4,,,
2017-01-13,12,13.64,31,32,38.97,,,
2017-01-13,13,8.98,30,37.23,38.78,,,
2017-01-13,14,13.65,29,29,36.45,,,
2017-01-13,15,8.98,37.06,27.9,39.4,,,
2017-01-13,16,23.82,37.9,37.9,39.4,,,
2017-01-13,17,32.53,40,38.94,39.4,,,
2017-01-13,18,40,41,40.27,39.41,,,
2017-01-13,19,37.22,39.81,40.02,39.4,,,
2017-01-13,20,33.8,34.7,32.85,34.7,,,
2017-01-13,21,32.85,34.7,37.12,26.98,,,
2017-01-13,22,40.39,42.06,43.07,43.28,,,
2017-01-13,23,25.94,41.07,38.97,37.27,,,
2017-01-13,24,15.39,37.27,37.26,35,,,
2017-01-14,1,12.96,36.94,40,40.38,,,
2017-01-14,2,14.36,36.94,34.13,35,,,
2017-01-14,3,14.35,34.13,30,29,,,
2017-01-14,4,14.35,27,26,26.13,,,
2017-01-14,5,14.36,25,25,25,,,
2017-01-14,6,8.46,38.55,34.13,30,,,
2017-01-14,7,26.47,50.2,50,31.09,,,
2017-01-14,8,36.67,49.17,41.59,40.98,,,
2017-01-14,9,40.52,40.29,40.86,38.87,,,
2017-01-14,10,40.74,45.84,40.93,38.88,,,
2017-01-14,11,36.71,40.86,38.89,38.83,,,
2017-01-14,12,32.6,74.7,55,38.92,,,
2017-01-14,13,32.17,70,73.77,70,,,
2017-01-14,14,39.63,57.13,55.13,56.12,,,
2017-01-14,15,38.46,44,41.6,40.2,,,
2017-01-14,16,38.61,41.5,42,38.84,,,
2017-01-14,17,24.61,55.59,55.59,49.5,,,
2017-01-14,18,32.89,85,80,61.12,,,
2017-01-14,19,37.12,80.24,79.18,59.89,,,
2017-01-14,20,33.7,40.27,40.3,40.3,,,
2017-01-14,21,41.32,38.99,39.99,40.38,,,
2017-01-14,22,22.51,38.82,38.82,38.86,,,
2017-01-14,23,11.88,40.87,40.2,33,,,
2017-01-14,24,3.56,38.29,38.29,37.08,,,
2017-01-15,1,1.61,14.4,14.4,14.4,,,
2017-01-15,2,0.83,24.7,24.7,25,,,
2017-01-15,3,22.3,25,25,14.39,,,
2017-01-15,4,34.91,14.37,14.97,14.38,,,
2017-01-15,5,32.26,25,25,25.5,,,
2017-01-15,6,13.16,27,27,31,,,
2017-01-15,7,20.29,32,32,33,,,
2017-01-15,8,26.33,27,27,30,,,
2017-01-15,9,27.79,30,31,28,,,
2017-01-15,10,16.35,38.54,38.53,35.5,,,
2017-01-15,11,6.41,33,32,38.67,,,
2017-01-15,12,16.28,31,37.6,40.22,,,
2017-01-15,13,28.81,39.85,39.51,40.22,,,
2017-01-15,14,14.37,40.86,40.91,40.22,,,
2017-01-15,15,14.37,38.58,38.58,40.91,,,
2017-01-15,16,24.57,30,31,40.2,,,
2017-01-15,17,33.97,38.83,39.6,40.49,,,
2017-01-15,18,39.59,40.42,40.42,43.78,,,
2017-01-15,19,39.98,31,30.5,41.01,,,
2017-01-15,20,34.97,38.67,38.5,40.48,,,
2017-01-15,21,33.91,39,38.82,40.19,,,
2017-01-15,22,24.96,37.08,38.53,38.67,,,
2017-01-15,23,20.49,38.11,37.55,37.04,,,
2017-01-15,24,7.35,26,26.5,31.5,,,
2017-01-16,1,11.97,26,26,25,,,
2017-01-16,2,28.49,25,25.56,14.38,,,
2017-01-16,3,40.38,25,25,14.39,,,
2017-01-16,4,16.28,25,25,14.36,,,
2017-01-16,5,34.92,25,25,14.37,,,
2017-01-16,6,26.03,38.67,38.57,38.57,,,
2017-01-16,7,28.07,38.86,38.86,38.57,,,
2017-01-16,8,69.02,50.13,50.13,50.13,,,
2017-01-16,9,45.68,38.83,38.83,38.85,,,
2017-01-16,10,40.02,43.16,38.67,36.03,,,
2017-01-16,11,27.87,38.67,38.57,38.58,,,
2017-01-16,12,40.42,32,37.08,40.22,,,
2017-01-16,13,50.91,32,32,40.22,,,
2017-01-16,14,82.6,27,27,14.38,,,
2017-01-16,15,40.98,37.08,33.96,26,,,
2017-01-16,16,37.35,34.12,34.12,37.08,,,
2017-01-16,17,37.5,40.16,38.67,40.24,,,
2017-01-16,18,38,39.71,38.92,37.08,,,
2017-01-16,19,36.29,37.08,36.51,38.67,,,
2017-01-16,20,46.29,31.21,31.88,35.42,,,
2017-01-16,21,35.83,38.67,38.67,40.24,,,
2017-01-16,22,35.07,38.58,38.57,38.57,,,
2017-01-16,23,29.51,33,33,38.67,,,
2017-01-16,24,21.8,32.84,32.84,14.37,,,
2017-01-17,1,27.62,14.38,14.4,14.4,,,
2017-01-17,2,22.71,14.38,14.37,14.39,,,
2017-01-17,3,11.16,14.37,14.36,14.34,,,
2017-01-17,4,0,0,0,0,,,
2017-01-17,5,0,0,0,0,,,
2017-01-17,6,0,24.75,24.75,14.35,,,
2017-01-17,7,0.5,49.13,55.13,27.75,,,
2017-01-17,8,9.69,37.11,37.96,25.75,,,
2017-01-17,9,48.11,24.75,25.75,27.75,,,
2017-01-17,10,95.84,24.75,25,24.75,,,
2017-01-17,11,81.63,26,26,14.4,,,
2017-01-17,12,78.47,25,25,33.65,,,
2017-01-17,13,20.59,25,22,38,,,
2017-01-17,14,14.35,14.38,14.36,20,,,
2017-01-17,15,17.59,14.37,14.35,37.45,,,
2017-01-17,16,27.8,26.3,29.22,38.54,,,
2017-01-17,17,25.73,37.11,34.5,40.22,,,
2017-01-17,18,36.95,25.73,26,39.93,,,
2017-01-17,19,30.25,33.95,24.9,27,,,
2017-01-17,20,30.35,27.08,28.77,26.28,,,
2017-01-17,21,60.97,26,27.34,38.18,,,
2017-01-17,22,45.57,30,30,26,,,
2017-01-17,23,26.89,35,26.21,34.21,,,
2017-01-17,24,10.5,11.64,11.68,14.4,,,
2017-01-18,1,21.47,27,27,25.25,,,
2017-01-18,2,5.56,0,0,25,,,
2017-01-18,3,13.57,14.36,14.37,14.34,,,
2017-01-18,4,16.73,14.4,16.54,14.39,,,
2017-01-18,5,16.4,14.4,14.38,14.35,,,
2017-01-18,6,17.65,24.75,24.75,35.38,,,
2017-01-18,7,26.98,38.17,38.37,38.17,,,
2017-01-18,8,28.65,37.5,38.05,38.08,,,
2017-01-18,9,35.06,25.25,25.25,28.27,,,
2017-01-18,10,27.47,32.59,32.59,30,,,
2017-01-18,11,35.1,36.61,36.88,37.9,,,
2017-01-18,12,36.84,36.61,36.64,33.36,,,
2017-01-18,13,14.37,44.69,42.35,40.38,,,
2017-01-18,14,25.5,45.28,47.14,36.09,,,
2017-01-18,15,36.3,38.94,45.13,40.19,,,
2017-01-18,16,44.42,50,51.52,35.21,,,
2017-01-18,17,36.3,63.31,65,45.18,,,
2017-01-18,18,29.18,72.29,68.17,55.08,,,
2017-01-18,19,16.46,67.96,56.34,55,,,
2017-01-18,20,16.24,36.61,36.61,36.64,,,
2017-01-18,21,18.63,35.21,38.17,38.08,,,
2017-01-18,22,14.33,21.75,21.76,24,,,
2017-01-18,23,8.48,25,25,22,,,
2017-01-18,24,5.85,14.36,14.4,14.4,,,
2017-01-19,1,12.47,20.67,24.75,25,,,
2017-01-19,2,0,14.36,14.36,14.4,,,
2017-01-19,3,0,14.34,3,25,,,
2017-01-19,4,2.01,10,12.1,25,,,
2017-01-19,5,11.09,12.13,12.11,37.87,,,
2017-01-19,6,14.05,25,37.91,40.71,,,
2017-01-19,7,24.04,37.9,37.88,39.77,,,
2017-01-19,8,31.26,37.83,37.89,37.9,,,
2017-01-19,9,38.16,37.9,37.9,39.77,,,
2017-01-19,10,40.31,37.91,37.9,37.91,,,
2017-01-19,11,48.48,38.19,38.18,37.91,,,
2017-01-19,12,61.78,46.54,40.73,36.61,,,
2017-01-19,13,48.34,47.14,47.14,32.56,,,
2017-01-19,14,37.41,37.9,39,39.77,,,
2017-01-19,15,25.49,26,26,36.61,,,
2017-01-19,16,13.69,30.12,29.32,32.56,,,
2017-01-19,17,25.7,30.75,30.75,32.56,,,
2017-01-19,18,118.44,34.33,34.33,28.69,,,
2017-01-19,19,45.42,36.87,36.87,33.88,,,
2017-01-19,20,68.75,49.11,45.53,36.64,,,
2017-01-19,21,32.28,33.71,32,33.78,,,
2017-01-19,22,44.59,35.22,32.91,32.91,,,
2017-01-19,23,28.4,36.11,32.56,32.56,,,
2017-01-19,24,15.7,14.36,14.36,14.35,,,
2017-01-20,1,29.6,14.34,14.34,14.32,,,
2017-01-20,2,37.02,14.35,14.35,14.35,,,
2017-01-20,3,56.69,25.21,14.39,14.39,,,
2017-01-20,4,22.2,25,23.08,14.39,,,
2017-01-20,5,14.37,23.21,22,15.13,,,
2017-01-20,6,2.5,36.35,41.28,39.13,,,
2017-01-20,7,7.78,28,28,40,,,
2017-01-20,8,10.94,33.7,33.7,33.7,,,
2017-01-20,9,13.65,30.33,33.7,39.14,,,
2017-01-20,10,14.37,25.2,25.27,24.5,,,
2017-01-20,11,27.72,34.43,34.43,34.43,,,
2017-01-20,12,35.79,34.44,34.53,34.44,,,
2017-01-20,13,37.28,34.44,34.44,33,,,
2017-01-20,14,36.27,35.9,34.53,27.46,,,
2017-01-20,15,34.7,27.17,28.12,24.5,,,
2017-01-20,16,14.36,27.12,27.12,24.5,,,
2017-01-20,17,14.18,30.56,31.7,32.27,,,
2017-01-20,18,29.06,34.53,34.53,39.7,,,
2017-01-20,19,29.19,39.74,42.25,30.56,,,
2017-01-20,20,27.17,29.49,26.2,29,,,
2017-01-20,21,43.51,24.6,24.6,22,,,
2017-01-20,22,63.7,24.5,24.6,14.39,,,
2017-01-20,23,23.25,27,26.67,31.55,,,
2017-01-20,24,20.33,28,28,35,,,
2017-01-21,1,24.72,16.2,15,32,,,
2017-01-21,2,33.89,19.99,19.99,14.36,,,
2017-01-21,3,22.97,14.4,14.4,14.38,,,
2017-01-21,4,14.39,14.36,14.35,14.36,,,
2017-01-21,5,1.24,1,0,14.33,,,
2017-01-21,6,0.69,14.13,14.13,14.34,,,
2017-01-21,7,13.76,23.34,14.38,14.36,,,
2017-01-21,8,7.88,25,25,14.4,,,
2017-01-21,9,22.1,30,14.4,24.88,,,
2017-01-21,10,14.38,25.92,25.92,20,,,
2017-01-21,11,9.44,26,27,24.5,,,
2017-01-21,12,14.36,25.5,28.88,25.75,,,
2017-01-21,13,18.46,25.5,28.88,27,,,
2017-01-21,14,14.37,25.2,25.2,26,,,
2017-01-21,15,42.75,24.5,24.5,24.5,,,
2017-01-21,16,14.38,24.5,24.75,24.75,,,
2017-01-21,17,8.91,24.75,24.75,24.95,,,
2017-01-21,18,7.14,25.75,25.75,26.5,,,
2017-01-21,19,11.2,25,25.5,26,,,
2017-01-21,20,2.77,23.42,23.42,23.42,,,
2017-01-21,21,0,11.77,14.34,15.8,,,
2017-01-21,22,0,8,8.5,10,,,
2017-01-21,23,3.38,6.76,14.36,9.3,,,
2017-01-21,24,0,4.98,5.72,5.96,,,
2017-01-22,1,0,5.96,5.96,0,,,
2017-01-22,2,0,0,3,0,,,
2017-01-22,3,0,0,0,0,,,
2017-01-22,4,0,0,0,0,,,
2017-01-22,5,5.61,0,0,0,,,
2017-01-22,6,1.78,0.02,0.02,0,,,
2017-01-22,7,2.45,0,0,0,,,
2017-01-22,8,3.12,5.92,5.96,6.04,,,
2017-01-22,9,8.76,0,5.96,0,,,
2017-01-22,10,14.36,6.06,6.76,6.04,,,
2017-01-22,11,39.87,14.36,14.39,14.35,,,
2017-01-22,12,14.39,24.5,24.5,22.77,,,
2017-01-22,13,14.37,24.5,24.5,25,,,
2017-01-22,14,14.36,18.5,15.13,14.4,,,
2017-01-22,15,16.19,14.38,15.13,14.39,,,
2017-01-22,16,13.74,24.5,24.5,24.06,,,
2017-01-22,17,12.29,36.09,36.09,36.09,,,
2017-01-22,18,13.79,25.5,25,28,,,
2017-01-22,19,20.56,0,24.6,24.5,,,
2017-01-22,20,18.39,22.47,0,22.47,,,
2017-01-22,21,8.83,24,18.99,0,,,
2017-01-22,22,7.08,14.4,15.13,14.37,,,
2017-01-22,23,4,14.38,14.37,10.29,,,
2017-01-22,24,0,0,3,0,,,
2017-01-23,1,0,0,0,0,,,
2017-01-23,2,0,0,0,0,,,
2017-01-23,3,0,0,0,0,,,
2017-01-23,4,0,0,0,0,,,
2017-01-23,5,0,0,0,0,,,
2017-01-23,6,0.42,14.34,14.33,0,,,
2017-01-23,7,9.43,25.5,25.5,21.23,,,
2017-01-23,8,16.06,25,25,14.36,,,
2017-01-23,9,94.77,14.39,25,14.39,,,
2017-01-23,10,62.08,24.65,25,14.4,,,
2017-01-23,11,36.79,25,25,22.59,,,
2017-01-23,12,14.36,24,16,34.08,,,
2017-01-23,13,14.38,21.09,19.5,14.4,,,
2017-01-23,14,42.66,22,20,28.34,,,
2017-01-23,15,37.35,24,22,31.14,,,
2017-01-23,16,23.11,26,26,36,,,
2017-01-23,17,12.39,34.14,33.58,33.3,,,
2017-01-23,18,53.21,23.61,23.61,25,,,
2017-01-23,19,40.1,25,25,25.87,,,
2017-01-23,20,14.38,25,25,25,,,
2017-01-23,21,34.86,24.8,25,36,,,
2017-01-23,22,78.38,24,26,27,,,
2017-01-23,23,38.82,24,23.32,24,,,
2017-01-23,24,25.72,14.38,22.55,14.39,,,
2017-01-24,1,16.45,14.33,14.29,14.33,,,
2017-01-24,2,21.26,6.67,6.67,4.98,,,
2017-01-24,3,4.4,1.5,1.5,1.26,,,
2017-01-24,4,14.38,14.34,3,3,,,
2017-01-24,5,-0.25,14.34,14.35,4.98,,,
2017-01-24,6,8.14,25,26,33,,,
2017-01-24,7,22.97,37.51,37.59,37.51,,,
2017-01-24,8,41.04,37.78,37.78,37.62,,,
2017-01-24,9,35.72,37.53,37.51,35.37,,,
2017-01-24,10,37.32,37.47,37.47,30.15,,,
2017-01-24,11,37.09,33.15,33.15,37.77,,,
2017-01-24,12,34.55,34.93,33.16,37.6,,,
2017-01-24,13,14.38,30,30,38.74,,,
2017-01-24,14,14.36,27.55,28,14.4,,,
2017-01-24,15,33.44,27.1,27.1,14.39,,,
2017-01-24,16,32.35,29.12,30,39.15,,,
2017-01-24,17,32.88,39.6,39.35,39.15,,,
2017-01-24,18,34.3,35.12,36.72,39.15,,,
2017-01-24,19,29.63,31.7,30.79,38.8,,,
2017-01-24,20,25.55,30.2,31.05,35.46,,,
2017-01-24,21,33.97,15.25,20.55,36.57,,,
2017-01-24,22,33.01,22.22,22.22,35.07,,,
2017-01-24,23,31.51,24.19,23.65,35.85,,,
2017-01-24,24,16.93,22.75,22.5,37.39,,,
2017-01-25,1,23.38,22.75,22.75,24.1,,,
2017-01-25,2,30.13,22.25,22.25,22.25,,,
2017-01-25,3,7.58,14.39,14.4,14.39,,,
2017-01-25,4,0,14.37,14.35,14.35,,,
2017-01-25,5,9.56,14.35,14.4,14.36,,,
2017-01-25,6,3.51,25.25,25.25,41.53,,,
2017-01-25,7,14.53,26.3,35.93,38.1,,,
2017-01-25,8,26.57,35.93,33.05,38.1,,,
2017-01-25,9,16.16,24.3,24.3,37.7,,,
2017-01-25,10,14.38,28.07,28.07,24.3,,,
2017-01-25,11,8.84,27.4,27.4,37.7,,,
2017-01-25,12,11.79,27.5,28.41,37.6,,,
2017-01-25,13,10.18,28.16,26.47,37.53,,,
2017-01-25,14,48.21,23.54,26.3,36.56,,,
2017-01-25,15,35.04,26.3,26.2,37.93,,,
2017-01-25,16,34.31,25.9,25.9,37.9,,,
2017-01-25,17,15.43,35.41,30.95,38.1,,,
2017-01-25,18,22.68,25.32,25.3,36.29,,,
2017-01-25,19,24.45,34.25,31.2,14.4,,,
2017-01-25,20,33.62,25.5,26,36.29,,,
2017-01-25,21,46.32,16.98,14.4,14.38,,,
2017-01-25,22,32.63,25,22.23,14.35,,,
2017-01-25,23,10.39,14.37,14.39,5.96,,,
2017-01-25,24,0.41,0,2.26,0,,,
2017-01-26,1,0,0,0,0,,,
2017-01-26,2,0,0,0,0,,,
2017-01-26,3,-1.6,0,0,0,,,
2017-01-26,4,-3,0,0,-0.02,,,
2017-01-26,5,-2.05,0,0,-0.25,,,
2017-01-26,6,0,0,0,0,,,
2017-01-26,7,1.47,6.05,14.36,14.34,,,
2017-01-26,8,11.06,14.36,14.37,14.39,,,
2017-01-26,9,21.61,14.35,14.36,14.38,,,
2017-01-26,10,14.37,14.35,14.37,14.35,,,
2017-01-26,11,14.36,14.36,14.36,14.37,,,
2017-01-26,12,5.29,14.34,13,14.34,,,
2017-01-26,13,4.84,14.38,21.01,14.35,,,
2017-01-26,14,2.44,14.4,21.01,14.39,,,
2017-01-26,15,0,14.37,14.4,14.34,,,
2017-01-26,16,0.89,14.34,14.39,14.35,,,
2017-01-26,17,0.42,21.01,21.02,21.02,,,
2017-01-26,18,4.22,21.01,21.02,21.02,,,
2017-01-26,19,5.81,14.36,21.01,33.15,,,
2017-01-26,20,4.96,6.04,7.09,14.35,,,
2017-01-26,21,1.39,6.04,14.34,12,,,
2017-01-26,22,0,5.78,6.02,5.78,,,
2017-01-26,23,1.86,0,1.02,0,,,
2017-01-26,24,0,0,0,0,,,
2017-01-27,1,-0.27,0,0,0,,,
2017-01-27,2,-0.5,0,0,0,,,
2017-01-27,3,-0.84,-0.02,-0.02,0,,,
2017-01-27,4,-0.31,-0.25,-0.25,-3,,,
2017-01-27,5,0,0,-0.02,-0.25,,,
2017-01-27,6,0,0,0,0,,,
2017-01-27,7,1.41,5.78,5.72,5.72,,,
2017-01-27,8,2.4,14.37,8.25,6.04,,,
2017-01-27,9,5.8,5.78,14.34,6.04,,,
2017-01-27,10,3.7,0,5.72,4.99,,,
2017-01-27,11,0,0,0,0,,,
2017-01-27,12,0,0,5.92,0,,,
2017-01-27,13,0,0,0,5.72,,,
2017-01-27,14,0,0,0,0,,,
2017-01-27,15,0,0,0,0,,,
2017-01-27,16,4.3,0,1.13,0,,,
2017-01-27,17,0.83,6.02,5.88,5.88,,,
2017-01-27,18,3.91,6.65,6.04,5.88,,,
2017-01-27,19,5.81,6.65,7.09,5.9,,,
2017-01-27,20,5.7,5.92,6.04,5.96,,,
2017-01-27,21,3.22,14.34,6.04,5.86,,,
2017-01-27,22,3.23,0,5.92,0,,,
2017-01-27,23,5.14,5.86,5.96,5.86,,,
2017-01-27,24,2.42,0,0,0,,,
2017-01-28,1,0.4,0,0,0,,,
2017-01-28,2,0,0,0,0,,,
2017-01-28,3,0,0,0,0,,,
2017-01-28,4,0,0,0,0,,,
2017-01-28,5,0,0,0,0,,,
2017-01-28,6,0,0,0,0,,,
2017-01-28,7,0,0,0,0,,,
2017-01-28,8,0,0,0,0,,,
2017-01-28,9,0.41,4.78,5.9,5.9,,,
2017-01-28,10,8.56,11.18,11.19,11.19,,,
2017-01-28,11,9.56,5.96,10,11.2,,,
2017-01-28,12,11.6,5.9,5.92,5.92,,,
2017-01-28,13,11.2,5.94,4.78,0,,,
2017-01-28,14,11.41,11.23,11.2,5.92,,,
2017-01-28,15,7.56,7.09,7.09,6.65,,,
2017-01-28,16,9.46,6.04,6.04,6.02,,,
2017-01-28,17,7.36,11.19,11.2,6.65,,,
2017-01-28,18,18.13,10,7.09,6.04,,,
2017-01-28,19,9.16,6.04,6.02,5.96,,,
2017-01-28,20,5.88,5.89,6.04,5.96,,,
2017-01-28,21,4.27,7.09,7.09,6.65,,,
2017-01-28,22,0.98,5.92,11.2,5.96,,,
2017-01-28,23,6.05,5.96,11.18,11.2,,,
2017-01-28,24,2.24,0,3,0,,,
2017-01-29,1,0,0,0,0,,,
2017-01-29,2,0,0,0,0,,,
2017-01-29,3,0,0,0,0,,,
2017-01-29,4,0,0,0,0,,,
2017-01-29,5,0,0,0,0,,,
2017-01-29,6,1.81,0,0,0,,,
2017-01-29,7,2.73,0,0,0,,,
2017-01-29,8,4.7,0,5.9,0,,,
2017-01-29,9,12.86,11.22,11.22,0,,,
2017-01-29,10,11.22,11.22,11.23,11.21,,,
2017-01-29,11,14.35,14.36,14.4,13.4,,,
2017-01-29,12,14.35,14.38,20.05,19.02,,,
2017-01-29,13,11.75,14.4,14.39,14.37,,,
2017-01-29,14,26.88,28,30.01,29.29,,,
2017-01-29,15,31.04,26.15,28.21,29.58,,,
2017-01-29,16,30.46,28.46,29.67,22.5,,,
2017-01-29,17,25.32,25.45,26.16,25.85,,,
2017-01-29,18,30.03,24.64,24.49,32,,,
2017-01-29,19,31.6,22.56,22.56,37.48,,,
2017-01-29,20,31.86,22.02,22.56,34.5,,,
2017-01-29,21,34.65,22.56,22.58,33.13,,,
2017-01-29,22,118.92,22.01,22.02,32.8,,,
2017-01-29,23,98.8,26,26,38.64,,,
2017-01-29,24,41.63,26.2,26.2,38.64,,,
2017-01-30,1,16.49,26.2,26.1,38.64,,,
2017-01-30,2,27.27,26,26,38.64,,,
2017-01-30,3,35.51,24,24,33.79,,,
2017-01-30,4,25.55,25.1,25,14.4,,,
2017-01-30,5,12.79,25.1,25.1,32.3,,,
2017-01-30,6,4.99,25.3,35.64,37.66,,,
2017-01-30,7,19.15,32.14,35.64,38.64,,,
2017-01-30,8,33.7,32.63,37.34,38.64,,,
2017-01-30,9,36.77,34.81,35.1,38.64,,,
2017-01-30,10,32.44,25.9,25.9,37.31,,,
2017-01-30,11,25.42,28.43,25.02,35.64,,,
2017-01-30,12,16.15,24.02,24.02,36.75,,,
2017-01-30,13,14.37,25.01,25.01,37.48,,,
2017-01-30,14,10.82,25.02,25.02,32,,,
2017-01-30,15,13.68,30,30.05,35.64,,,
2017-01-30,16,36,31.73,32.56,37.7,,,
2017-01-30,17,33.78,35.64,35.64,38.64,,,
2017-01-30,18,129.56,55.12,41.02,39.38,,,
2017-01-30,19,62.43,37.66,39.35,39.01,,,
2017-01-30,20,34.58,35.74,35.12,38.64,,,
2017-01-30,21,33.52,32.92,35.64,38.64,,,
2017-01-30,22,49.35,14.4,14.39,25.02,,,
2017-01-30,23,14.79,26.9,26.9,38.64,,,
2017-01-30,24,24.53,37.67,37.48,38.82,,,
2017-01-31,1,62.46,26.5,36,14.4,,,
2017-01-31,2,12.66,33.5,26.1,37.95,,,
2017-01-31,3,9.98,30,30,14.4,,,
2017-01-31,4,13.58,26.2,26.5,38.64,,,
2017-01-31,5,13.16,26.2,26.2,38.64,,,
2017-01-31,6,6.21,37.03,38.79,38.64,,,
2017-01-31,7,32.91,37.03,37.03,55,,,
2017-01-31,8,35.13,39.49,36.84,53.83,,,
2017-01-31,9,43.23,39.27,39.27,47.2,,,
2017-01-31,10,38.8,36.74,36.76,39.27,,,
2017-01-31,11,38.33,38.49,38.49,39.29,,,
2017-01-31,12,33.29,36,36,38.64,,,
2017-01-31,13,37.08,38.48,38.5,39.23,,,
2017-01-31,14,38.34,36.54,36.74,39.24,,,
2017-01-31,15,38.7,35.2,34.2,38.64,,,
2017-01-31,16,39.26,38.49,38.48,38.64,,,
2017-01-31,17,39.11,37.79,37.77,39.31,,,
2017-01-31,18,45.75,39.26,39.18,40,,,
2017-01-31,19,40.73,40.3,40,40,,,
2017-01-31,20,39.77,41.79,40.12,41.92,,,
2017-01-31,21,33.78,39.18,38.66,40.3,,,
2017-01-31,22,24.45,30,33.33,38.07,,,
2017-01-31,23,20.17,14.4,35.2,35.2,,,
2017-01-31,24,23.65,30.3,30.3,14.4,,,
2017-02-01,1,4,25.6,25.6,29.54,,,
2017-02-01,2,8.78,14.37,25.6,28.16,,,
2017-02-01,3,14.36,14.39,26.1,36.73,,,
2017-02-01,4,40.74,25.1,25.1,28.95,,,
2017-02-01,5,35.72,24.2,24.2,24.17,,,
2017-02-01,6,33.78,38.64,38.64,38.13,,,
2017-02-01,7,47.75,37.95,48.2,38.13,,,
2017-02-01,8,158.16,393.72,393.78,35.07,,,
2017-02-01,9,28.75,47.2,47.2,35.07,,,
2017-02-01,10,14.36,32.02,31.58,34.89,,,
2017-02-01,11,9.52,26.1,28.32,38.13,,,
2017-02-01,12,7.45,23.48,23.5,33.55,,,
2017-02-01,13,8.75,30,34.11,36.14,,,
2017-02-01,14,9.47,34.89,34.85,36.32,,,
2017-02-01,15,12.97,35.04,35.05,34.85,,,
2017-02-01,16,31.72,36.52,36.97,33.55,,,
2017-02-01,17,32.64,36.63,36.87,36.62,,,
2017-02-01,18,31.19,35.61,36.42,36.74,,,
2017-02-01,19,34.94,33.55,34.12,35.85,,,
2017-02-01,20,35,31,33.56,35.4,,,
2017-02-01,21,34.5,30.58,27.5,35,,,
2017-02-01,22,30.88,32.08,30,25,,,
2017-02-01,23,23.62,31.99,32.67,31.99,,,
2017-02-01,24,18.19,27.02,14.39,14.4,,,
2017-02-02,1,34.81,30.33,35.13,36.42,,,
2017-02-02,2,33.93,22,26,36.42,,,
2017-02-02,3,10.76,28.2,22.05,31.04,,,
2017-02-02,4,14.36,24.03,24.04,36.42,,,
2017-02-02,5,12.8,25.22,25.22,36.42,,,
2017-02-02,6,1.36,23.55,25.12,36.42,,,
2017-02-02,7,6.05,31.2,32.92,36.54,,,
2017-02-02,8,11.77,28.2,28.2,31.29,,,
2017-02-02,9,18.94,23.63,23.77,25.12,,,
2017-02-02,10,12.59,27.89,33.15,34.11,,,
2017-02-02,11,0.38,22.45,22.45,35.57,,,
2017-02-02,12,5.67,14.36,24.84,35.5,,,
2017-02-02,13,11.7,22,22,35.76,,,
2017-02-02,14,12.97,14.4,21,14.4,,,
2017-02-02,15,35.51,21.25,21.35,34.53,,,
2017-02-02,16,28.4,21.15,21.25,35.44,,,
2017-02-02,17,15.38,30.6,21.45,35.46,,,
2017-02-02,18,27.23,21.25,21.25,32.22,,,
2017-02-02,19,24.16,21,21,27.37,,,
2017-02-02,20,22.39,20.8,20.5,35.02,,,
2017-02-02,21,14.35,20.31,19.5,34.11,,,
2017-02-02,22,26.64,17.2,21.25,25.56,,,
2017-02-02,23,26.73,22,22.01,36.42,,,
2017-02-02,24,10.57,34.11,22.1,14.4,,,
2017-02-03,1,12.39,27.12,34.05,37.01,,,
2017-02-03,2,29.04,22,22.01,35,,,
2017-02-03,3,40.71,22.41,22.41,27.12,,,
2017-02-03,4,26.82,22.01,22,26.2,,,
2017-02-03,5,34.18,22.01,22.02,34.39,,,
2017-02-03,6,23.15,34.44,34.51,37.01,,,
2017-02-03,7,33.64,40,40,37.01,,,
2017-02-03,8,27.28,22.01,22.01,34.66,,,
2017-02-03,9,42.89,22,22,34.66,,,
2017-02-03,10,28.14,22.01,22.01,27.82,,,
2017-02-03,11,19.31,33.3,31.4,34.73,,,
2017-02-03,12,6.76,24.01,24.01,34.69,,,
2017-02-03,13,14.36,14.38,24.02,37.01,,,
2017-02-03,14,12.27,24.01,24.01,34.66,,,
2017-02-03,15,5.68,24.02,24.02,21.1,,,
2017-02-03,16,10.88,24,24,32.88,,,
2017-02-03,17,27.61,16.97,18.56,34.36,,,
2017-02-03,18,129.84,25,23.05,14.39,,,
2017-02-03,19,31.96,24,24,33.27,,,
2017-02-03,20,14.37,22,22,36,,,
2017-02-03,21,10.94,14.38,14.37,37.01,,,
2017-02-03,22,7.43,14.39,18.14,14.4,,,
2017-02-03,23,18.54,33.27,33.27,37.01,,,
2017-02-03,24,15.54,14.4,33.27,33.27,,,
2017-02-04,1,17.79,36.06,36.06,32.91,,,
2017-02-04,2,32.9,36.06,36.06,32.73,,,
2017-02-04,3,14.36,32.7,32.7,30,,,
2017-02-04,4,34.33,21.66,31.38,19.13,,,
2017-02-04,5,14.36,14.35,14.35,14.38,,,
2017-02-04,6,13.71,28.88,28.88,23.04,,,
2017-02-04,7,10.94,35.2,32.7,32.7,,,
2017-02-04,8,14.35,26.13,27.37,26.13,,,
2017-02-04,9,22,14.39,17.5,24.5,,,
2017-02-04,10,49.2,24,24,30.75,,,
2017-02-04,11,21.08,15,20,22.57,,,
2017-02-04,12,7.33,20,17.1,20.17,,,
2017-02-04,13,3.25,16.1,16.22,25,,,
2017-02-04,14,13.66,20,25,32.58,,,
2017-02-04,15,14.36,16,19.88,22.43,,,
2017-02-04,16,0,21.4,16.22,17.35,,,
2017-02-04,17,0,22.54,22.54,24.5,,,
2017-02-04,18,12.14,20,16.1,30.66,,,
2017-02-04,19,18.55,15.17,24,36.06,,,
2017-02-04,20,32.53,22,22,36.06,,,
2017-02-04,21,3.44,22,22,23,,,
2017-02-04,22,6.92,22.6,20,20,,,
2017-02-04,23,10.25,24.5,24.5,16.33,,,
2017-02-04,24,8.93,14.37,14.39,14.39,,,
2017-02-05,1,1.22,10,14.34,5.7,,,
2017-02-05,2,0,0,0,0,,,
2017-02-05,3,0,0,0,0,,,
2017-02-05,4,0,0,0,0,,,
2017-02-05,5,0,0,0,0,,,
2017-02-05,6,0,0,0,0,,,
2017-02-05,7,0,0,0,0,,,
2017-02-05,8,3.96,6.02,6.02,5.94,,,
2017-02-05,9,7.8,5.79,5.7,5.94,,,
2017-02-05,10,12.38,10.56,8.56,6.65,,,
2017-02-05,11,8.08,14.35,12.56,10.09,,,
2017-02-05,12,14.37,17.09,20,14.34,,,
2017-02-05,13,14.36,14.35,14.36,7.95,,,
2017-02-05,14,14.36,14.35,14.35,6.06,,,
2017-02-05,15,13.68,14.39,14.34,6.06,,,
2017-02-05,16,16.36,14.38,14.39,14.35,,,
2017-02-05,17,35.29,18.05,20,24,,,
2017-02-05,18,34.32,24,24,24.01,,,
2017-02-05,19,12.98,24.01,24.01,24.02,,,
2017-02-05,20,5.33,24.01,24.01,24.02,,,
2017-02-05,21,29.04,23.95,24,24.01,,,
2017-02-05,22,204.93,14.39,22,24,,,
2017-02-05,23,60.98,20,20,20,,,
2017-02-05,24,25.51,22.5,20,24,,,
2017-02-06,1,31.79,18,18,31.52,,,
2017-02-06,2,31.29,19,18,24,,,
2017-02-06,3,43.1,24,24,24,,,
2017-02-06,4,30.64,22,20.57,24.01,,,
2017-02-06,5,19.81,22,22,24.01,,,
2017-02-06,6,6.54,32.58,32.58,35.83,,,
2017-02-06,7,14.54,23,23,37.98,,,
2017-02-06,8,29.03,25.15,28.51,31.13,,,
2017-02-06,9,25.24,26.24,25.79,28.52,,,
2017-02-06,10,30.42,31.33,31.13,31.01,,,
2017-02-06,11,31.52,31.32,32.58,31.31,,,
2017-02-06,12,40.91,35.83,37,32.58,,,
2017-02-06,13,25.01,31.04,31.04,31.55,,,
2017-02-06,14,14.37,26.2,28.56,31.27,,,
2017-02-06,15,25.23,24.01,25,31.13,,,
2017-02-06,16,21.22,24,23.2,25,,,
2017-02-06,17,16.24,31.13,30,31.35,,,
2017-02-06,18,30.64,34.16,32.58,39.24,,,
2017-02-06,19,32.89,39.21,39.21,50,,,
2017-02-06,20,30.67,35.43,37.12,39.2,,,
2017-02-06,21,28.71,38.52,38.52,38.51,,,
2017-02-06,22,19.4,30.1,30,32.58,,,
2017-02-06,23,22.91,23.97,24.5,20,,,
2017-02-06,24,11.48,22.25,22.25,28.16,,,
2017-02-07,1,12.93,14.38,22.02,14.51,,,
2017-02-07,2,22.31,19.25,22.01,32,,,
2017-02-07,3,13.79,21.25,21.25,27,,,
2017-02-07,4,7.01,22.01,22,25.29,,,
2017-02-07,5,3.25,21.1,21.17,23.39,,,
2017-02-07,6,0,22.15,22.3,32.29,,,
2017-02-07,7,0.86,23.1,23.2,35.42,,,
2017-02-07,8,5.25,22.3,22.3,34.19,,,
2017-02-07,9,12.69,21,21.1,22,,,
2017-02-07,10,14.77,20.96,21.1,22.92,,,
2017-02-07,11,21.02,22.01,22.02,28.46,,,
2017-02-07,12,34.01,22.01,22.01,28.42,,,
2017-02-07,13,64.13,22.03,22.02,28.4,,,
2017-02-07,14,149.68,28.43,28.4,29.77,,,
2017-02-07,15,77.32,41.93,22.03,28.43,,,
2017-02-07,16,30.63,32.29,28.43,28.43,,,
2017-02-07,17,15.4,36.25,28.79,35.42,,,
2017-02-07,18,30.45,27.61,34.08,35.42,,,
2017-02-07,19,25.22,25.62,27.89,35.42,,,
2017-02-07,20,11.6,32.29,30.28,35.42,,,
2017-02-07,21,9.82,32.29,30.28,30.28,,,
2017-02-07,22,6.34,22.02,22.02,23.12,,,
2017-02-07,23,4.34,14.38,14.4,14.36,,,
2017-02-07,24,0,14.34,11.98,10,,,
2017-02-08,1,0,0,0,0,,,
2017-02-08,2,-0.02,0,0,0,,,
2017-02-08,3,-0.04,0,0,0,,,
2017-02-08,4,-0.5,0,0,0,,,
2017-02-08,5,-0.25,0,0,0,,,
2017-02-08,6,0,0,0.01,5.3,,,
2017-02-08,7,16.96,18.25,21,21,,,
2017-02-08,8,28.48,29.39,23.96,26.68,,,
2017-02-08,9,18.31,22.51,26.85,22.78,,,
2017-02-08,10,14.36,22.5,25.28,22.5,,,
2017-02-08,11,17.36,22.24,26.75,33.24,,,
2017-02-08,12,27.52,22.02,22.03,34.07,,,
2017-02-08,13,17.28,22.03,22.03,34.94,,,
2017-02-08,14,3.61,29.51,22.15,34.94,,,
2017-02-08,15,9.76,29.53,30,34.94,,,
2017-02-08,16,32.47,29.52,33.97,34.94,,,
2017-02-08,17,32.85,34.36,33.8,34.94,,,
2017-02-08,18,33.78,34.36,35,34.36,,,
2017-02-08,19,35.22,35.59,35.47,40,,,
2017-02-08,20,35.16,37.04,37.04,39.05,,,
2017-02-08,21,35.97,36.23,36.46,36.76,,,
2017-02-08,22,29.51,33.69,33.69,33.69,,,
2017-02-08,23,25.71,30.13,30,34.94,,,
2017-02-08,24,21.19,34.94,34.94,34.94,,,
2017-02-09,1,14.59,24,25,26,,,
2017-02-09,2,12.97,25,25,33.64,,,
2017-02-09,3,28.11,24.02,28.85,28.99,,,
2017-02-09,4,31.33,25,25,31.33,,,
2017-02-09,5,13.65,26,26,32.32,,,
2017-02-09,6,2.17,35,35,36.49,,,
2017-02-09,7,22.44,35.28,35.3,40,,,
2017-02-09,8,48.78,57.3,55,48.85,,,
2017-02-09,9,53.58,40.56,40.56,36.49,,,
2017-02-09,10,31.56,37.11,40,35.09,,,
2017-02-09,11,11.98,37.19,36.78,36.86,,,
2017-02-09,12,13.65,27,33.77,36.49,,,
2017-02-09,13,14.41,26.5,26.5,35.27,,,
2017-02-09,14,7.85,22.49,22.5,29.67,,,
2017-02-09,15,7.25,22.13,22.13,26.54,,,
2017-02-09,16,9.4,14.4,22.11,29.67,,,
2017-02-09,17,10.13,28.62,33.77,35,,,
2017-02-09,18,11.03,31.42,31.42,35.68,,,
2017-02-09,19,22.59,25.48,31.42,36.49,,,
2017-02-09,20,26.64,25.47,33.8,36.49,,,
2017-02-09,21,48.05,37.13,41.21,36.49,,,
2017-02-09,22,12.94,20.13,20.13,36.86,,,
2017-02-09,23,16.72,22.88,22.88,14.37,,,
2017-02-09,24,11.28,25,25,36.49,,,
2017-02-10,1,31.13,24,25,36.6,,,
2017-02-10,2,35.95,22,22,22,,,
2017-02-10,3,27.21,22,22,22.88,,,
2017-02-10,4,36,13.39,22,29.36,,,
2017-02-10,5,32.99,22,24,35.28,,,
2017-02-10,6,28.87,34.16,35.29,36.6,,,
2017-02-10,7,41.49,37.25,37.25,37.69,,,
2017-02-10,8,49.72,37.25,37.25,42.5,,,
2017-02-10,9,28.69,30.17,27.89,36.6,,,
2017-02-10,10,17.24,29,27.14,26,,,
2017-02-10,11,19.45,30,30,34.03,,,
2017-02-10,12,11.51,29.92,29,36.6,,,
2017-02-10,13,16.09,26,26,29.89,,,
2017-02-10,14,22.62,27,29.9,24.26,,,
2017-02-10,15,23.69,29.92,29.9,26,,,
2017-02-10,16,20.15,33.95,30,29.9,,,
2017-02-10,17,8.98,24.05,24.05,34.03,,,
2017-02-10,18,19.7,24.03,24.04,25.06,,,
2017-02-10,19,17.05,24.04,24.04,24.04,,,
2017-02-10,20,13.35,24.04,24.05,24.05,,,
2017-02-10,21,13.35,24.02,24.03,24.03,,,
2017-02-10,22,17.27,34.03,35.38,24.04,,,
2017-02-10,23,45.67,26.9,27.83,36.6,,,
2017-02-10,24,38.86,26.5,26.5,36.6,,,
2017-02-11,1,15.07,24.2,24,22,,,
2017-02-11,2,22.01,18.5,22.17,17.17,,,
2017-02-11,3,12.22,22.17,14.4,14.37,,,
2017-02-11,4,14.34,20,18.56,14.36,,,
2017-02-11,5,32.81,16.5,22,19.17,,,
2017-02-11,6,25.51,24.1,24.1,24.2,,,
2017-02-11,7,33.78,33.88,33.76,33.32,,,
2017-02-11,8,28.01,32.95,32.95,33.75,,,
2017-02-11,9,32.63,25.3,25.1,33.78,,,
2017-02-11,10,37.06,33.73,33.73,36.57,,,
2017-02-11,11,40.3,33.78,33.73,36.52,,,
2017-02-11,12,36.51,34.06,31.2,36.52,,,
2017-02-11,13,34.48,35.01,34.08,35.7,,,
2017-02-11,14,34.04,36.2,36.2,36.95,,,
2017-02-11,15,32.78,32.97,33.88,36.6,,,
2017-02-11,16,34.49,35.7,34.07,36.95,,,
2017-02-11,17,29.31,34.1,33.97,36.35,,,
2017-02-11,18,42.19,34.5,34.5,36.95,,,
2017-02-11,19,48.53,36.95,36.95,38.33,,,
2017-02-11,20,31.51,34.03,33.69,36.95,,,
2017-02-11,21,17.35,31.88,29.76,34.33,,,
2017-02-11,22,12.33,27.71,27,34.03,,,
2017-02-11,23,22.85,25.6,27.78,34.02,,,
2017-02-11,24,15.06,27.69,26.19,34.07,,,
2017-02-12,1,10.63,35.17,35.56,31.14,,,
2017-02-12,2,14.33,14.51,25.2,32.4,,,
2017-02-12,3,14.35,25.17,25,22,,,
2017-02-12,4,14.36,22,25,15,,,
2017-02-12,5,21.75,22,22,22,,,
2017-02-12,6,27.82,24,24,20.41,,,
2017-02-12,7,15.02,22.4,25,15,,,
2017-02-12,8,18.09,22,19.12,22,,,
2017-02-12,9,75.48,17,17,19.12,,,
2017-02-12,10,332.67,24,24,19.12,,,
2017-02-12,11,15.92,32.67,24.01,22,,,
2017-02-12,12,50.95,24.03,24.02,22,,,
2017-02-12,13,40,23,22.81,25.34,,,
2017-02-12,14,9.49,14.39,22.01,22,,,
2017-02-12,15,10.33,22,14.4,18.62,,,
2017-02-12,16,12.95,16.34,16.34,14.4,,,
2017-02-12,17,13.65,22.02,22.02,23.73,,,
2017-02-12,18,54.48,22.01,22.02,22,,,
2017-02-12,19,56.23,25.2,25.2,22.03,,,
2017-02-12,20,45.69,22,22,16.68,,,
2017-02-12,21,25.07,14.37,14.36,19.12,,,
2017-02-12,22,11.21,22,22,14.25,,,
2017-02-12,23,12.74,14.35,14.36,5.3,,,
2017-02-12,24,5.66,14.31,9.17,0,,,
2017-02-13,1,0,0,0,0,,,
2017-02-13,2,0,0,0,0,,,
2017-02-13,3,0,0,0,0,,,
2017-02-13,4,0,0,0,0,,,
2017-02-13,5,3.21,1,0,0,,,
2017-02-13,6,9.27,24,24,14.36,,,
2017-02-13,7,14.03,35.71,36.71,36.24,,,
2017-02-13,8,28.86,25.6,25.6,35.41,,,
2017-02-13,9,30.77,28.65,30.12,35.41,,,
2017-02-13,10,33.78,28.65,33.75,35.41,,,
2017-02-13,11,38.06,33.79,33.77,31.43,,,
2017-02-13,12,72.26,33.9,33.79,35.41,,,
2017-02-13,13,32.17,33.75,32.67,35.41,,,
2017-02-13,14,33.75,33.78,33.77,35.41,,,
2017-02-13,15,35.65,33.88,33.88,34.04,,,
2017-02-13,16,29.56,28.55,28,34.06,,,
2017-02-13,17,33.86,38,36.15,36.08,,,
2017-02-13,18,37.24,40,40,40,,,
2017-02-13,19,44.21,42.94,42.94,51.86,,,
2017-02-13,20,34.75,40.11,40,42.94,,,
2017-02-13,21,34.66,40,39.46,43.47,,,
2017-02-13,22,29.52,34.04,36.1,36.08,,,
2017-02-13,23,18.45,29.88,29.88,38,,,
2017-02-13,24,9.74,32.5,32.5,32.67,,,
2017-02-14,1,13.54,22.13,22.13,35.41,,,
2017-02-14,2,14.35,27,27,32.86,,,
2017-02-14,3,26.76,22.02,22.02,22.23,,,
2017-02-14,4,15.68,22.01,22.01,22.22,,,
2017-02-14,5,15.68,22.11,22.11,22,,,
2017-02-14,6,1.29,22.12,22.12,22.11,,,
2017-02-14,7,7.35,35.37,33.82,35.41,,,
2017-02-14,8,13.64,32.89,40,35.41,,,
2017-02-14,9,9.54,27.8,25.09,35.41,,,
2017-02-14,10,14.34,22.52,22.53,22.52,,,
2017-02-14,11,8.77,21.65,21.65,32.86,,,
2017-02-14,12,8.14,21.4,28.84,28.86,,,
2017-02-14,13,5.66,21.3,21.35,34.3,,,
2017-02-14,14,8.78,21.35,21.45,32.86,,,
2017-02-14,15,12.45,21.4,21.45,32.88,,,
2017-02-14,16,45.5,21.3,21.4,33.88,,,
2017-02-14,17,22.01,33.6,33.6,35.41,,,
2017-02-14,18,27.93,34.25,32.86,35.41,,,
2017-02-14,19,29.95,34.03,34.03,34.03,,,
2017-02-14,20,25.15,31.75,32.86,36.13,,,
2017-02-14,21,15.87,21.35,21.35,32.86,,,
2017-02-14,22,42.62,21.35,27.92,33.93,,,
2017-02-14,23,38.38,22.13,22.12,32.86,,,
2017-02-14,24,36.64,23.13,23.13,30.2,,,
2017-02-15,1,36.56,22.13,22.13,32.62,,,
2017-02-15,2,30.25,23.14,23.12,30.61,,,
2017-02-15,3,34.46,23.12,14.39,22,,,
2017-02-15,4,27.76,20,20,20.53,,,
2017-02-15,5,10.75,22.3,14.4,22,,,
2017-02-15,6,1.61,22.02,22.02,29.9,,,
2017-02-15,7,7.37,23.24,23.24,35.52,,,
2017-02-15,8,11.83,22.13,22.13,33.32,,,
2017-02-15,9,22.69,21.13,21.13,22,,,
2017-02-15,10,13.66,22.03,22.03,24.91,,,
2017-02-15,11,23.89,21.35,21.4,34.68,,,
2017-02-15,12,34.93,21.35,21.35,35.13,,,
2017-02-15,13,18.99,21.3,14.39,14.36,,,
2017-02-15,14,14.36,20.35,20.25,26.08,,,
2017-02-15,15,27.39,21,21.1,28.13,,,
2017-02-15,16,26.57,21.1,21.1,28.41,,,
2017-02-15,17,20.49,24.4,22,33.77,,,
2017-02-15,18,29.94,21.35,22.07,35,,,
2017-02-15,19,31.89,23.5,20.61,32.24,,,
2017-02-15,20,28.06,31.36,31.18,31.18,,,
2017-02-15,21,25.34,23.81,21.58,27.01,,,
2017-02-15,22,33.35,14.4,19,14.39,,,
2017-02-15,23,18.87,22,22,31.57,,,
2017-02-15,24,17.49,14.4,22.1,32.24,,,
2017-02-16,1,26.26,22.01,22.01,31.69,,,
2017-02-16,2,18.95,22.02,22.02,24.99,,,
2017-02-16,3,29.44,22.01,22.01,22,,,
2017-02-16,4,30.86,22,22,26.48,,,
2017-02-16,5,14.36,22,17.46,22,,,
2017-02-16,6,8.65,30.37,33.85,33.84,,,
2017-02-16,7,21.5,33.88,33.88,33.84,,,
2017-02-16,8,58.11,33.97,33.97,29.91,,,
2017-02-16,9,29.57,28.77,32.45,28.76,,,
2017-02-16,10,24.88,33.97,33.88,32.73,,,
2017-02-16,11,34.02,34.4,34.17,33.97,,,
2017-02-16,12,33.66,33.88,33.97,33.88,,,
2017-02-16,13,21.9,32.73,34.25,28.81,,,
2017-02-16,14,19.45,28.82,32.2,33.57,,,
2017-02-16,15,29.66,26,26,26,,,
2017-02-16,16,26.06,28.81,28.81,34.9,,,
2017-02-16,17,28.04,32.73,31.68,33.88,,,
2017-02-16,18,33.89,35.46,35.58,35.46,,,
2017-02-16,19,42.1,40,37.46,38.67,,,
2017-02-16,20,40.27,40,38.01,40,,,
2017-02-16,21,33.24,33.97,33.97,34.07,,,
2017-02-16,22,34,33.05,33.05,33.85,,,
2017-02-16,23,46.19,33.04,33.04,33.05,,,
2017-02-16,24,44.49,32.5,31.94,32.73,,,
2017-02-17,1,37.83,34,32.72,35.18,,,
2017-02-17,2,25.92,24.25,25,32.12,,,
2017-02-17,3,14.4,23.01,23.01,25.02,,,
2017-02-17,4,27.23,22.01,22.01,27.3,,,
2017-02-17,5,23.73,28.26,28.26,28.26,,,
2017-02-17,6,13.65,33.25,33.26,35,,,
2017-02-17,7,21.3,33.27,33.27,33.36,,,
2017-02-17,8,14.42,33.21,33.21,33.23,,,
2017-02-17,9,20.88,31.5,32.23,31.8,,,
2017-02-17,10,13.64,23.98,24.25,25.03,,,
2017-02-17,11,27.75,14.39,28.1,29.22,,,
2017-02-17,12,23.86,25,25,28.12,,,
2017-02-17,13,14.53,25,25,25,,,
2017-02-17,14,18.97,26,27.2,22.21,,,
2017-02-17,15,24.96,28.7,30.8,24.03,,,
2017-02-17,16,33.87,25,25,30.17,,,
2017-02-17,17,12.96,28,27.49,25.41,,,
2017-02-17,18,13.8,32.19,26.77,26.69,,,
2017-02-17,19,14.36,35.6,27.98,35,,,
2017-02-17,20,11.57,32.47,32.36,30.9,,,
2017-02-17,21,12.65,25.07,30.01,25.07,,,
2017-02-17,22,18.82,25,25,25,,,
2017-02-17,23,22.58,21.2,22,23.95,,,
2017-02-17,24,15.5,14.4,14.4,14.4,,,
2017-02-18,1,7.76,14.38,14.39,34.92,,,
2017-02-18,2,0,14.33,14.34,14.37,,,
2017-02-18,3,0,0,11,14.32,,,
2017-02-18,4,0,4,3,11,,,
2017-02-18,5,0,0,4.77,3,,,
2017-02-18,6,0,0,4.94,13,,,
2017-02-18,7,0,0,4.96,5.7,,,
2017-02-18,8,0,0,0,0,,,
2017-02-18,9,0,0,0,0,,,
2017-02-18,10,0,0,0,0,,,
2017-02-18,11,0,0,0,0,,,
2017-02-18,12,-0.53,0,0,0,,,
2017-02-18,13,-0.07,0,0,0,,,
2017-02-18,14,-1.11,0,0,0,,,
2017-02-18,15,-3,0,0,0,,,
2017-02-18,16,-1.5,0,0,0,,,
2017-02-18,17,-0.25,14.32,14.32,6.06,,,
2017-02-18,18,0,14.36,18.77,14.35,,,
2017-02-18,19,1.4,14.37,18.88,14.38,,,
2017-02-18,20,0,6.06,14.36,14.37,,,
2017-02-18,21,0,6.02,6.65,6.06,,,
2017-02-18,22,0,5.5,5.7,0,,,
2017-02-18,23,0,0,5.79,3.43,,,
2017-02-18,24,0,0,5.94,6.06,,,
2017-02-19,1,0,6.02,6.41,5.96,,,
2017-02-19,2,0,2.15,0.2,4.69,,,
2017-02-19,3,0,0,0,0,,,
2017-02-19,4,2.51,0,0,0,,,
2017-02-19,5,4.62,0,0,0,,,
2017-02-19,6,7.74,0.1,0,0,,,
2017-02-19,7,5.94,5.96,5.79,5.7,,,
2017-02-19,8,0,0,0,0,,,
2017-02-19,9,0.41,5.92,6.41,5.79,,,
2017-02-19,10,0,7.5,11.21,5.74,,,
2017-02-19,11,4.1,10,14.35,6.74,,,
2017-02-19,12,9.41,6.04,14.33,7,,,
2017-02-19,13,1.83,4.86,5.17,0,,,
2017-02-19,14,-0.03,6.06,5.17,0,,,
2017-02-19,15,-0.76,5.17,5.94,2,,,
2017-02-19,16,-2.25,4.86,5.79,6.04,,,
2017-02-19,17,1.52,14.35,14.33,6.04,,,
2017-02-19,18,9.44,14.37,14.38,14.35,,,
2017-02-19,19,47.22,15.2,21.95,21.95,,,
2017-02-19,20,14.38,14.37,14.38,21.95,,,
2017-02-19,21,40.43,14.37,14.39,14.4,,,
2017-02-19,22,37.09,14.35,14.37,14.37,,,
2017-02-19,23,32.79,17,14.4,14.38,,,
2017-02-19,24,18.81,14.37,14.36,14.35,,,
2017-02-20,1,12.95,13.66,13.98,14.36,,,
2017-02-20,2,14.3,11.91,13.66,13.98,,,
2017-02-20,3,12.94,6.56,6.56,11.91,,,
2017-02-20,4,12.1,10.2,10,11.91,,,
2017-02-20,5,14.25,6.51,6.56,6.56,,,
2017-02-20,6,5.98,6.56,8,8,,,
2017-02-20,7,13.33,14.36,14.21,14.29,,,
2017-02-20,8,3.83,6.06,13.98,6.06,,,
2017-02-20,9,0,6.51,6.51,10.35,,,
2017-02-20,10,3.39,3.13,6.51,6.04,,,
2017-02-20,11,10.87,0,5.92,14.32,,,
2017-02-20,12,11.61,6.04,0.01,0.11,,,
2017-02-20,13,10,6.04,0,0,,,
2017-02-20,14,0,9.22,0,0,,,
2017-02-20,15,-1.01,6.04,5.92,0,,,
2017-02-20,16,-0.5,6.04,6.06,6.04,,,
2017-02-20,17,0.71,14.32,14.34,14.34,,,
2017-02-20,18,20.75,14.36,14.36,29.13,,,
2017-02-20,19,33.52,14.38,14.37,21.99,,,
2017-02-20,20,5.86,14.34,14.34,15.76,,,
2017-02-20,21,0,6.18,6.04,6.74,,,
2017-02-20,22,0,0,0.03,0,,,
2017-02-20,23,0.4,0,0,0,,,
2017-02-20,24,0,0,4.99,0,,,
2017-02-21,1,0,5.3,5.7,0,,,
2017-02-21,2,0,0,0,0,,,
2017-02-21,3,0,0,0,0,,,
2017-02-21,4,0,0,0,0,,,
2017-02-21,5,0.8,0,0,0,,,
2017-02-21,6,11.07,14.37,14.37,14.33,,,
2017-02-21,7,29.94,31.95,31.95,31.95,,,
2017-02-21,8,48.94,24,22,22,,,
2017-02-21,9,15.81,25,24,20,,,
2017-02-21,10,31.99,24,24,14.35,,,
2017-02-21,11,284.58,22,22,31.95,,,
2017-02-21,12,162.44,22.01,22,21.56,,,
2017-02-21,13,38.51,24.55,22.01,21.21,,,
2017-02-21,14,24.14,22.5,21.01,34.4,,,
2017-02-21,15,33.28,22.01,20.55,31.98,,,
2017-02-21,16,30.94,20.13,19,34.4,,,
2017-02-21,17,14.44,22.04,22.01,22.04,,,
2017-02-21,18,26.36,22.75,22.04,26.12,,,
2017-02-21,19,32.01,23.04,23.04,35.01,,,
2017-02-21,20,31.11,23.11,23.11,34.4,,,
2017-02-21,21,31.66,22.02,22.02,32.63,,,
2017-02-21,22,30.07,22.02,22.02,23,,,
2017-02-21,23,28.33,18.5,19.64,22.55,,,
2017-02-21,24,31.63,18.75,16.62,24,,,
2017-02-22,1,33.14,14.41,15,22,,,
2017-02-22,2,39.04,15,15,15,,,
2017-02-22,3,32.83,14.36,14.35,14.37,,,
2017-02-22,4,14.37,14.34,13,14.35,,,
2017-02-22,5,12.26,13,13,14.33,,,
2017-02-22,6,2.34,14.35,14.35,22,,,
2017-02-22,7,3.64,24,24,24,,,
2017-02-22,8,27.36,24,24,22,,,
2017-02-22,9,14.38,25,25,25,,,
2017-02-22,10,16.99,22.03,22.02,24,,,
2017-02-22,11,88.85,20.01,20.01,22.02,,,
2017-02-22,12,30.99,22.03,22.02,34.4,,,
2017-02-22,13,7.48,29.96,22.03,34.4,,,
2017-02-22,14,12.96,22.03,22.73,34.4,,,
2017-02-22,15,9.33,22.01,22.01,34.4,,,
2017-02-22,16,5.97,22.01,22.01,22.01,,,
2017-02-22,17,5.27,22.02,22.02,30,,,
2017-02-22,18,5.44,22.01,22.02,22.03,,,
2017-02-22,19,8.48,21.91,22.02,23.85,,,
2017-02-22,20,14.14,16.89,20.05,22.02,,,
2017-02-22,21,8.46,20.16,20.16,14.37,,,
2017-02-22,22,9.71,14.38,17.83,14.35,,,
2017-02-22,23,5.33,14.35,14.35,14.4,,,
2017-02-22,24,0,14.34,14.37,14.32,,,
2017-02-23,1,0,0,0,0,,,
2017-02-23,2,0,0,0,0,,,
2017-02-23,3,-0.25,0,0,0,,,
2017-02-23,4,-0.02,0,0,0,,,
2017-02-23,5,0,0,0,0,,,
2017-02-23,6,-0.02,0,0,0,,,
2017-02-23,7,1.35,4.81,4.81,0,,,
2017-02-23,8,10.2,12.94,12.93,6,,,
2017-02-23,9,5.63,6.04,6.04,7.5,,,
2017-02-23,10,12.94,12.93,12.94,6,,,
2017-02-23,11,8.49,7.5,12.92,5.92,,,
2017-02-23,12,8.33,12.96,12.96,12.95,,,
2017-02-23,13,5.44,12.97,12.98,12.93,,,
2017-02-23,14,3.52,13,13,12.96,,,
2017-02-23,15,5.44,13,13,13,,,
2017-02-23,16,9.54,6.04,12.99,12.96,,,
2017-02-23,17,24.57,12,12.93,12.96,,,
2017-02-23,18,27.83,22.01,14.35,13,,,
2017-02-23,19,43.58,33.49,29.69,33.49,,,
2017-02-23,20,38.14,22.73,22.73,26.87,,,
2017-02-23,21,37.96,22.5,22.5,24.4,,,
2017-02-23,22,32.79,14.37,14.35,22.01,,,
2017-02-23,23,19.83,13.86,13,14.36,,,
2017-02-23,24,19.37,7.09,14.31,14.34,,,
2017-02-24,1,31.28,14.37,14.36,30,,,
2017-02-24,2,12.96,16.88,14.36,25,,,
2017-02-24,3,14.37,14.36,14.36,14.39,,,
2017-02-24,4,13.64,10.2,13.29,14.36,,,
2017-02-24,5,0.39,8.56,7.49,14.37,,,
2017-02-24,6,3.47,14.34,14.34,25,,,
2017-02-24,7,11.17,22,22,25.15,,,
2017-02-24,8,22.1,15.82,18.24,25.15,,,
2017-02-24,9,28.28,22,22,29.6,,,
2017-02-24,10,30.11,22,22,25.15,,,
2017-02-24,11,21.08,16.92,15.8,26.83,,,
2017-02-24,12,22.58,14.34,14.5,16.17,,,
2017-02-24,13,14.34,20.56,13,15.29,,,
2017-02-24,14,42.35,14.39,20.3,14.37,,,
2017-02-24,15,278.94,16.75,21,32.27,,,
2017-02-24,16,68.15,17.81,15.88,29.96,,,
2017-02-24,17,14.36,20.02,20.02,21.6,,,
2017-02-24,18,17.4,21.35,17.97,32.27,,,
2017-02-24,19,12.96,21.35,21.35,32.27,,,
2017-02-24,20,13.74,18.28,21.3,32.27,,,
2017-02-24,21,11.76,14.36,16.28,32.27,,,
2017-02-24,22,9.52,13.01,14.33,14.37,,,
2017-02-24,23,11.04,13.8,14.33,14.33,,,
2017-02-24,24,2.6,5.92,4.8,5,,,
2017-02-25,1,3.58,0,6.2,0,,,
2017-02-25,2,1.19,5.56,5.56,5,,,
2017-02-25,3,0,0,0,0,,,
2017-02-25,4,0,0,0,0,,,
2017-02-25,5,0,0,0,0,,,
2017-02-25,6,0,0,0,0,,,
2017-02-25,7,3.66,2.2,0,0,,,
2017-02-25,8,1.35,6,5.92,0,,,
2017-02-25,9,0,5.68,0,0,,,
2017-02-25,10,0,10.17,6.04,0,,,
2017-02-25,11,5.63,13.01,12.56,1,,,
2017-02-25,12,2.7,13.01,14.33,10.17,,,
2017-02-25,13,2.02,6.04,6.74,6,,,
2017-02-25,14,13.3,13.01,13.01,0,,,
2017-02-25,15,5.95,5.96,6,4.86,,,
2017-02-25,16,3.13,5.78,5.68,1,,,
2017-02-25,17,6.74,6.04,5.78,0,,,
2017-02-25,18,12.62,14.4,14.4,5.92,,,
2017-02-25,19,14.36,15.68,14.4,14.35,,,
2017-02-25,20,10.35,14.35,14.35,14.34,,,
2017-02-25,21,5.92,14.28,14.32,7.09,,,
2017-02-25,22,4.27,6,13,6,,,
2017-02-25,23,2.42,6,7.51,7.09,,,
2017-02-25,24,1.29,4.5,5.78,5.68,,,
2017-02-26,1,0,10.2,10,5.65,,,
2017-02-26,2,0,5.68,6.5,5.68,,,
2017-02-26,3,0,0,3.2,1,,,
2017-02-26,4,0,0,0,0,,,
2017-02-26,5,0,0,0,0,,,
2017-02-26,6,0,0,5.68,5.68,,,
2017-02-26,7,2.42,4.8,1.54,5.68,,,
2017-02-26,8,10.27,6.04,6.04,5.78,,,
2017-02-26,9,13.02,6,6,6,,,
2017-02-26,10,2.62,6,5.88,5.88,,,
2017-02-26,11,0,10,6.04,0,,,
2017-02-26,12,0.47,6,13,11.55,,,
2017-02-26,13,0,4.86,5.78,4.98,,,
2017-02-26,14,0,4.8,4.8,0,,,
2017-02-26,15,0,0.55,0.55,0,,,
2017-02-26,16,0,0,0,0,,,
2017-02-26,17,0,0,5.78,0,,,
2017-02-26,18,3.38,6.04,6.82,0,,,
2017-02-26,19,11.64,10,7.09,6.04,,,
2017-02-26,20,16.92,7.09,6.74,4.99,,,
2017-02-26,21,9.98,7.09,6.65,5.68,,,
2017-02-26,22,11.01,12.23,12.44,6.04,,,
2017-02-26,23,8.62,5.96,5.96,4.99,,,
2017-02-26,24,1.75,0,0,0.01,,,
2017-02-27,1,0,0,0,0,,,
2017-02-27,2,0,0,0,0,,,
2017-02-27,3,0,0,0,0,,,
2017-02-27,4,0,0,0,0,,,
2017-02-27,5,0,0,0,0,,,
2017-02-27,6,1.98,14.12,14.35,14.39,,,
2017-02-27,7,9.43,14.35,14.37,21.4,,,
2017-02-27,8,23.38,21.35,21.35,21.35,,,
2017-02-27,9,14.37,22.63,22.63,22.52,,,
2017-02-27,10,11.84,21.4,26.56,22.63,,,
2017-02-27,11,15.39,20,21.4,21.4,,,
2017-02-27,12,14.34,14.37,14.36,14.39,,,
2017-02-27,13,14.37,14.37,14.4,13.01,,,
2017-02-27,14,14.37,21.35,17.55,17.29,,,
2017-02-27,15,10.01,21.35,17.55,14.38,,,
2017-02-27,16,13.05,27.03,27.03,21.35,,,
2017-02-27,17,20.12,20.31,27.25,22.94,,,
2017-02-27,18,28.83,32.23,30.6,29.41,,,
2017-02-27,19,36.45,33.08,33.05,32.36,,,
2017-02-27,20,30.89,30,30.46,30.6,,,
2017-02-27,21,28.52,22.55,22.33,29.41,,,
2017-02-27,22,37.58,21.4,22,23.99,,,
2017-02-27,23,33.59,19.98,14.4,21.35,,,
2017-02-27,24,61.59,12.25,12.25,14.4,,,
2017-02-28,1,11.97,14.35,14.36,18.68,,,
2017-02-28,2,15.87,13,13,14.39,,,
2017-02-28,3,15.51,12.02,8.2,14.4,,,
2017-02-28,4,15.02,13.99,13.99,14.6,,,
2017-02-28,5,14.95,13,13,14.39,,,
2017-02-28,6,13.72,16.83,16.83,30,,,
2017-02-28,7,3.61,33.26,22.1,32.06,,,
2017-02-28,8,3.49,32.06,32.06,39.46,,,
2017-02-28,9,3.15,26,26.3,30,,,
2017-02-28,10,11.86,18.72,22,7.09,,,
2017-02-28,11,16.03,22,22,14.37,,,
2017-02-28,12,14.35,22,24,14.34,,,
2017-02-28,13,43.9,14.4,20,14.39,,,
2017-02-28,14,14.37,13,13,14.36,,,
2017-02-28,15,13.14,13.01,8.28,7.05,,,
2017-02-28,16,14.48,13,5.94,5.9,,,
2017-02-28,17,15.66,14.33,13,7.09,,,
2017-02-28,18,15.24,14.37,14.36,17.65,,,
2017-02-28,19,20.07,17.67,17.67,18.49,,,
2017-02-28,20,36.14,17.93,17.92,17.91,,,
2017-02-28,21,16.96,19.46,15.88,14.34,,,
2017-02-28,22,12.88,14.35,14.37,7.09,,,
2017-02-28,23,7.03,4,4,5.94,,,
2017-02-28,24,3.35,0,0,0,,,
2017-03-01,1,0.87,0,0,0,,,
2017-03-01,2,0,0,0,0,,,
2017-03-01,3,0,-0.1,-0.5,0,,,
2017-03-01,4,0,-0.1,-0.1,-0.25,,,
2017-03-01,5,0,0,0,0,,,
2017-03-01,6,2.53,10,9,5.87,,,
2017-03-01,7,5.59,22,16.4,14.37,,,
2017-03-01,8,0,14.34,13,6.04,,,
2017-03-01,9,1,13,13,13,,,
2017-03-01,10,8.82,13,13,13,,,
2017-03-01,11,10.96,13,13,8.09,,,
2017-03-01,12,0.45,13,13,13,,,
2017-03-01,13,0,13,13,13,,,
2017-03-01,14,0,13,13,13,,,
2017-03-01,15,13.73,12.5,6.1,6.1,,,
2017-03-01,16,13.06,13,13,6.1,,,
2017-03-01,17,14.06,6.1,6.1,1,,,
2017-03-01,18,6.18,18.91,6.1,0,,,
2017-03-01,19,20.16,14.36,15.23,6.1,,,
2017-03-01,20,15.63,6.14,6.14,6.89,,,
2017-03-01,21,23.43,10,7.09,6.1,,,
2017-03-01,22,28.54,12.45,7.09,6.93,,,
2017-03-01,23,7.5,0,4.9,0.59,,,
2017-03-01,24,1.68,0,0,0.11,,,
2017-03-02,1,0,0,0,0,,,
2017-03-02,2,0,0,0,0,,,
2017-03-02,3,0,0,0,0,,,
2017-03-02,4,0,0,0,0,,,
2017-03-02,5,0,0,0,0,,,
2017-03-02,6,0,6.5,7.09,6.06,,,
2017-03-02,7,6.77,11.37,13,12.74,,,
2017-03-02,8,77.43,6.5,6.5,6.93,,,
2017-03-02,9,39.68,11.38,11.35,6.5,,,
2017-03-02,10,11.38,13,13,8.28,,,
2017-03-02,11,1.34,8,7.09,11.36,,,
2017-03-02,12,0,11.35,11.36,11.36,,,
2017-03-02,13,0.88,6.5,6.5,7.09,,,
2017-03-02,14,5.94,11.36,11.37,11.35,,,
2017-03-02,15,10.1,6.5,11.35,9.34,,,
2017-03-02,16,7.89,6.5,6.5,11.39,,,
2017-03-02,17,10.55,9.02,11.36,11.38,,,
2017-03-02,18,18.91,16.62,16.33,23.92,,,
2017-03-02,19,26.49,18.66,19.67,18.45,,,
2017-03-02,20,32.15,20,19.8,32.72,,,
2017-03-02,21,32.26,18.4,16.71,32.67,,,
2017-03-02,22,50.03,25.29,22.75,22.75,,,
2017-03-02,23,37.89,29.27,29.27,29.27,,,
2017-03-02,24,37.83,15,13,15,,,
2017-03-03,1,14.77,14.38,14.38,23.29,,,
2017-03-03,2,12.92,14.35,14.34,14.36,,,
2017-03-03,3,12.28,13.2,14,13.2,,,
2017-03-03,4,0,13.15,13.1,13.15,,,
2017-03-03,5,0,14.32,14.35,14.27,,,
2017-03-03,6,0,14.37,14.36,14.38,,,
2017-03-03,7,0,14.37,14.36,14.35,,,
2017-03-03,8,5.69,35.41,35.41,14.38,,,
2017-03-03,9,5.38,40,43.63,43.63,,,
2017-03-03,10,2.36,12.95,14.38,14.37,,,
2017-03-03,11,2.31,7,12.95,14.36,,,
2017-03-03,12,0,6.51,6.51,6.5,,,
2017-03-03,13,0,14.35,13.2,6.5,,,
2017-03-03,14,0.43,14.33,14.36,13.2,,,
2017-03-03,15,0,14.36,14.36,14.37,,,
2017-03-03,16,4.07,14.36,14.39,14.39,,,
2017-03-03,17,3.4,14.35,14.4,33.21,,,
2017-03-03,18,15.58,18.5,19.11,20.46,,,
2017-03-03,19,31.34,29.68,25.64,28.87,,,
2017-03-03,20,38.79,33.47,35.99,34.64,,,
2017-03-03,21,35.56,34.76,30.85,31.78,,,
2017-03-03,22,22.26,31.94,20.17,22.8,,,
2017-03-03,23,11.69,14.32,14.33,14.36,,,
2017-03-03,24,13.52,14,14,14,,,
2017-03-04,1,2.68,13,13,14.23,,,
2017-03-04,2,0,14.32,13,13,,,
2017-03-04,3,0,6.06,13,13,,,
2017-03-04,4,0,13,13,13,,,
2017-03-04,5,0,13,13,13,,,
2017-03-04,6,1.49,13,13,13,,,
2017-03-04,7,6.71,29.95,14.39,14.37,,,
2017-03-04,8,6.65,14.38,14.37,13,,,
2017-03-04,9,5.33,42.34,45.81,38.99,,,
2017-03-04,10,12.37,44.65,44.65,14.39,,,
2017-03-04,11,14.37,32,40.26,14.39,,,
2017-03-04,12,110.65,38.06,40.6,32,,,
2017-03-04,13,13.67,14.35,14.35,14.34,,,
2017-03-04,14,6.71,13.03,13.01,13,,,
2017-03-04,15,6.02,13.01,13.01,13,,,
2017-03-04,16,1.49,13,13,13.01,,,
2017-03-04,17,12.86,14.38,26.98,32.08,,,
2017-03-04,18,25.34,23.19,24.89,24.67,,,
2017-03-04,19,39.21,25.95,25.95,28.01,,,
2017-03-04,20,36.88,31.04,31,37.03,,,
2017-03-04,21,31.95,25.01,23.08,30.88,,,
2017-03-04,22,28.12,35.2,33.3,35.21,,,
2017-03-04,23,24.58,36.12,36.12,24.17,,,
2017-03-04,24,7.91,35.8,35.13,35.12,,,
2017-03-05,1,12.97,14.39,30.89,19.49,,,
2017-03-05,2,8.47,14.36,14.36,33.2,,,
2017-03-05,3,10.34,14.35,14.36,14.37,,,
2017-03-05,4,0,14.01,14.32,14.24,,,
2017-03-05,5,0,13,13,13,,,
2017-03-05,6,0,13,13,13,,,
2017-03-05,7,0,13,14.36,14.32,,,
2017-03-05,8,0,13,13.02,14.33,,,
2017-03-05,9,0,13,13,13,,,
2017-03-05,10,0,13,13.01,13,,,
2017-03-05,11,5.39,6.5,13,13,,,
2017-03-05,12,0.41,13,6.5,13,,,
2017-03-05,13,6.02,13,13,6.04,,,
2017-03-05,14,0,6.5,6.5,6.08,,,
2017-03-05,15,0.81,6.5,13,6.5,,,
2017-03-05,16,1.89,14.37,14.4,13,,,
2017-03-05,17,4.24,13.01,14.36,14.37,,,
2017-03-05,18,12.98,23.63,23.63,28.79,,,
2017-03-05,19,22.44,25.07,25.07,23.81,,,
2017-03-05,20,20.21,32.08,25.17,23.48,,,
2017-03-05,21,8.4,23.41,23.41,22.35,,,
2017-03-05,22,9.84,14.35,14.36,15.03,,,
2017-03-05,23,4.89,14,14.01,14.35,,,
2017-03-05,24,9.44,13,13,13,,,
2017-03-06,1,11.84,7.09,13,13,,,
2017-03-06,2,5.78,6.56,7.09,13,,,
2017-03-06,3,4.5,6.06,6.5,6.5,,,
2017-03-06,4,4.16,5.34,5.96,5.96,,,
2017-03-06,5,0,5.9,5.9,5.9,,,
2017-03-06,6,0,13,13,13,,,
2017-03-06,7,5.23,14.32,14.36,14.38,,,
2017-03-06,8,24.32,18.63,18.64,21.83,,,
2017-03-06,9,44.68,23.46,32.08,23.71,,,
2017-03-06,10,21.5,33.45,21.32,20.81,,,
2017-03-06,11,27.04,31.23,26.85,20.97,,,
2017-03-06,12,14.03,17,17,25.13,,,
2017-03-06,13,16.28,14.4,14.39,12.24,,,
2017-03-06,14,24.91,14.4,14.4,14.39,,,
2017-03-06,15,17.88,14.38,14.38,14.38,,,
2017-03-06,16,14.37,18,14.36,14.39,,,
2017-03-06,17,14.36,20,15.36,27.52,,,
2017-03-06,18,13.02,28.78,28.78,24.7,,,
2017-03-06,19,18.23,34.55,35.72,35,,,
2017-03-06,20,25.39,34.26,34.26,35,,,
2017-03-06,21,12.47,14.37,14.37,14.36,,,
2017-03-06,22,6.74,13.01,13.02,6.5,,,
2017-03-06,23,9.28,6.51,6.5,6.5,,,
2017-03-06,24,1.41,0,0,0,,,
2017-03-07,1,0,0,0,0,,,
2017-03-07,2,0,0,0,0,,,
2017-03-07,3,0,0,0,0,,,
2017-03-07,4,-0.02,0,0,0,,,
2017-03-07,5,-0.26,0,0,0,,,
2017-03-07,6,0,0,0,0,,,
2017-03-07,7,0.43,5.94,6.04,6.04,,,
2017-03-07,8,6.62,5.36,0,4.89,,,
2017-03-07,9,11.7,6.08,6.5,6.5,,,
2017-03-07,10,0,12.19,6.5,6.5,,,
2017-03-07,11,0,6.5,6.5,6.5,,,
2017-03-07,12,0,6.5,6.5,6.5,,,
2017-03-07,13,0,6.5,6.5,6.5,,,
2017-03-07,14,4.14,12.21,12.22,6.5,,,
2017-03-07,15,11.59,12.21,12.2,12.2,,,
2017-03-07,16,8.7,13.4,12.19,6.73,,,
2017-03-07,17,8.96,13.4,13.79,13.4,,,
2017-03-07,18,6.75,13.4,13.4,13.4,,,
2017-03-07,19,5.47,18.63,22.97,14.08,,,
2017-03-07,20,18.8,31.34,21,27.3,,,
2017-03-07,21,17.39,13.4,13.83,13.4,,,
2017-03-07,22,6.49,10.94,7,12.19,,,
2017-03-07,23,0,4.89,6.5,6.08,,,
2017-03-07,24,0,0,0,0,,,
2017-03-08,1,0,0,0,5.88,,,
2017-03-08,2,-0.02,0,0,0,,,
2017-03-08,3,-3,0,0,0,,,
2017-03-08,4,-3,0,0,0,,,
2017-03-08,5,-3,0,0,0,,,
2017-03-08,6,-1.04,5.88,4.89,5.96,,,
2017-03-08,7,0,6.08,7.09,7.09,,,
2017-03-08,8,0,0,5.94,6.5,,,
2017-03-08,9,0,5.94,5.94,6.08,,,
2017-03-08,10,0,0,6.5,0,,,
2017-03-08,11,0,0,0,6.08,,,
2017-03-08,12,0,0,0,0,,,
2017-03-08,13,0,0,0,0,,,
2017-03-08,14,0,0,0,0,,,
2017-03-08,15,0,0,0,0,,,
2017-03-08,16,0,0,0,0,,,
2017-03-08,17,-3,0,0,0,,,
2017-03-08,18,-3,0,0,0,,,
2017-03-08,19,0,0,0,6.14,,,
2017-03-08,20,2.8,5.94,5.88,5.96,,,
2017-03-08,21,0,0,0,0,,,
2017-03-08,22,0,0,0,0,,,
2017-03-08,23,0,0,0,0,,,
2017-03-08,24,0,0,0,0,,,
2017-03-09,1,-2.29,0,0,0,,,
2017-03-09,2,-2.27,-0.5,-0.5,-0.5,,,
2017-03-09,3,-3,-3,-0.5,-0.5,,,
2017-03-09,4,-3,-3,-0.5,-0.5,,,
2017-03-09,5,-2.54,-0.5,-0.5,-0.5,,,
2017-03-09,6,-0.51,0,0,0,,,
2017-03-09,7,5.29,6.5,7.09,6.75,,,
2017-03-09,8,12.64,6.5,6.5,6.5,,,
2017-03-09,9,21.88,6.06,6.5,6.5,,,
2017-03-09,10,22.42,6.06,6.5,6.06,,,
2017-03-09,11,8.85,6.1,6.1,6.1,,,
2017-03-09,12,22.14,6.1,6.16,6.5,,,
2017-03-09,13,9.19,6.1,6.16,6.1,,,
2017-03-09,14,14.2,6.5,6.5,6.5,,,
2017-03-09,15,17.84,6.5,6.5,6.5,,,
2017-03-09,16,24.34,13,13,6.5,,,
2017-03-09,17,8.94,12.2,14.34,14.34,,,
2017-03-09,18,6.5,26.11,25.85,26.24,,,
2017-03-09,19,34.78,32.72,33.4,33.46,,,
2017-03-09,20,43.33,34.95,35.53,37.51,,,
2017-03-09,21,37.11,34.41,34.79,35.19,,,
2017-03-09,22,40.22,27.86,24,29.78,,,
2017-03-09,23,31.77,20,18.16,18.16,,,
2017-03-09,24,10.01,14.37,13.33,13.33,,,
2017-03-10,1,26.02,14.38,14.35,14.35,,,
2017-03-10,2,7.31,14.31,14.32,13.85,,,
2017-03-10,3,3.59,13.02,13.02,13.02,,,
2017-03-10,4,0,13.01,13,13,,,
2017-03-10,5,1.84,7.8,10,6.04,,,
2017-03-10,6,1.31,13.02,14.33,14.32,,,
2017-03-10,7,8.17,14.37,14.37,17.55,,,
2017-03-10,8,18.7,22.56,18,14.35,,,
2017-03-10,9,1.34,16,21.48,14.33,,,
2017-03-10,10,0,14.33,13.03,14.32,,,
2017-03-10,11,1.64,14.32,14.36,14.32,,,
2017-03-10,12,2.96,13,13,13,,,
2017-03-10,13,7.22,13,13,13,,,
2017-03-10,14,7.45,13,13,13,,,
2017-03-10,15,5.49,13,13,13,,,
2017-03-10,16,14.54,13,13,13,,,
2017-03-10,17,14.28,13,13,13,,,
2017-03-10,18,13.74,31.11,14.36,14.35,,,
2017-03-10,19,29.6,35,35,19.34,,,
2017-03-10,20,63.38,38.5,40,32.73,,,
2017-03-10,21,27.06,33.09,32.9,32.87,,,
2017-03-10,22,20.57,28.46,29.32,31.53,,,
2017-03-10,23,15.07,14.37,14.37,22.43,,,
2017-03-10,24,5.22,13,13,13,,,
2017-03-11,1,14.33,13,13,13,,,
2017-03-11,2,14.35,13,13,13,,,
2017-03-11,3,14.33,13,13,13,,,
2017-03-11,4,14.38,13,13,13,,,
2017-03-11,5,14.36,14.36,13,13,,,
2017-03-11,6,14.37,29.8,14.34,13,,,
2017-03-11,7,41.48,34.64,35.26,14.34,,,
2017-03-11,8,31.46,36.23,36.23,24,,,
2017-03-11,9,8.72,64,58.37,39.48,,,
2017-03-11,10,14.36,78,68.49,34.55,,,
2017-03-11,11,31.75,34.94,56,14.37,,,
2017-03-11,12,38.15,62.37,60,39.64,,,
2017-03-11,13,14.38,34.55,35,14.33,,,
2017-03-11,14,0,14.35,14.34,13,,,
2017-03-11,15,3.95,13,13,13,,,
2017-03-11,16,5.5,10,10,13,,,
2017-03-11,17,13.73,14.36,14.36,14.34,,,
2017-03-11,18,34.24,30.01,27.59,14.37,,,
2017-03-11,19,50.57,36.58,35.91,35.91,,,
2017-03-11,20,"1,822.95",59.87,57.09,38.12,,,
2017-03-11,21,30.55,59.41,46.24,43.68,,,
2017-03-11,22,30.44,48.14,48.94,36.68,,,
2017-03-11,23,10.21,28.84,30.95,38.13,,,
2017-03-11,24,18.03,14.4,24.23,30,,,
2017-03-12,1,16.45,29.5,29.5,14.34,,,
2017-03-12,2,18.21,33,33,14.39,,,
2017-03-12,3,28.8,30.68,34.08,25.18,,,
2017-03-12,4,39.3,37.5,37.5,29.91,,,
2017-03-12,5,51.56,40,40.05,34.88,,,
2017-03-12,6,74.89,40,39.76,39.14,,,
2017-03-12,7,83.4,43.28,40.31,38,,,
2017-03-12,8,78.75,49,44,34.56,,,
2017-03-12,9,14.37,34.34,16,34.34,,,
2017-03-12,10,12.89,37.78,26.92,33.24,,,
2017-03-12,11,13.87,26.03,26.51,26.04,,,
2017-03-12,12,10.79,32.32,33.68,39.38,,,
2017-03-12,13,14.35,39.61,35,27.63,,,
2017-03-12,14,14.37,34.26,36.07,32.16,,,
2017-03-12,15,10.88,30.58,32.17,25.52,,,
2017-03-12,16,5.15,26.58,26.58,26.56,,,
2017-03-12,17,15.56,28.07,30.95,32.99,,,
2017-03-12,18,20.76,20.95,22.23,34.78,,,
2017-03-12,19,32.53,29.53,29.53,32.01,,,
2017-03-12,20,33.85,32.01,32,36.89,,,
2017-03-12,21,32.09,32.01,32.01,32.01,,,
2017-03-12,22,33.9,34.08,34.55,34.02,,,
2017-03-12,23,37.99,37.79,37.78,35.85,,,
2017-03-12,24,42.85,37.79,37.91,33,,,
2017-03-13,1,35.19,34.55,34.55,41.17,,,
2017-03-13,2,34.11,37.78,35.13,37.79,,,
2017-03-13,3,24.57,31.86,30,32.94,,,
2017-03-13,4,22.95,34.55,34.55,35.76,,,
2017-03-13,5,35.9,44,44,35.91,,,
2017-03-13,6,44.97,66,66.18,54.15,,,
2017-03-13,7,37.61,72.97,72.97,43.44,,,
2017-03-13,8,45.11,68.13,68.13,44.64,,,
2017-03-13,9,35.93,44.64,43.15,43.15,,,
2017-03-13,10,35.99,38.13,38.13,36,,,
2017-03-13,11,33.32,34.1,35.91,36.06,,,
2017-03-13,12,33.43,30,30,37.71,,,
2017-03-13,13,34.69,35.67,34.55,35.91,,,
2017-03-13,14,36.01,34.86,35.7,34.41,,,
2017-03-13,15,37.34,37.78,35.91,34.85,,,
2017-03-13,16,35.78,34.86,36.07,34.83,,,
2017-03-13,17,34.24,38.74,36.92,36.41,,,
2017-03-13,18,36.14,37.6,38,41.21,,,
2017-03-13,19,44.78,44.86,44.87,58.08,,,
2017-03-13,20,44.29,58.08,55,60.28,,,
2017-03-13,21,38.09,38.93,38.93,38.34,,,
2017-03-13,22,32.07,35.91,37.78,36.07,,,
2017-03-13,23,10.14,14.39,26.88,32.35,,,
2017-03-13,24,6.17,14.36,14.38,14.35,,,
2017-03-14,1,5.72,13,14.32,13.1,,,
2017-03-14,2,0,13,13,13,,,
2017-03-14,3,0,13,13,13,,,
2017-03-14,4,0,13.22,13.22,13,,,
2017-03-14,5,0,36.28,36.29,14.38,,,
2017-03-14,6,14.84,66,75.13,40,,,
2017-03-14,7,25.18,74.19,74.19,30.39,,,
2017-03-14,8,41.86,44,55,36.34,,,
2017-03-14,9,48.97,50.74,52.17,36,,,
2017-03-14,10,24.98,36,36,25.08,,,
2017-03-14,11,19.67,36,36,27.72,,,
2017-03-14,12,14.34,41.23,52,30,,,
2017-03-14,13,20.98,56.49,56.49,32.99,,,
2017-03-14,14,14.35,51.21,46.31,13,,,
2017-03-14,15,23.86,42.64,53.29,33.23,,,
2017-03-14,16,18.28,60.26,60.26,46.18,,,
2017-03-14,17,40.77,60.26,60.26,33.5,,,
2017-03-14,18,33.31,60.8,60.75,33.73,,,
2017-03-14,19,20.19,46,36.35,30,,,
2017-03-14,20,26.61,36.36,56.2,34.85,,,
2017-03-14,21,18.65,24.3,25,14.37,,,
2017-03-14,22,7.57,13,14.35,13,,,
2017-03-14,23,6.51,13,13,13.62,,,
2017-03-14,24,0,0,9.39,13,,,
2017-03-15,1,0,0,13,13,,,
2017-03-15,2,0,0,0,13,,,
2017-03-15,3,0,0,0,13,,,
2017-03-15,4,0,5.33,0,13,,,
2017-03-15,5,0,13,14.3,14.32,,,
2017-03-15,6,6.91,14.35,14.35,14.35,,,
2017-03-15,7,13.91,14.35,14.35,14.36,,,
2017-03-15,8,13.65,14.34,14.33,14.34,,,
2017-03-15,9,13.65,13,14.35,14.33,,,
2017-03-15,10,4.88,13,13,13,,,
2017-03-15,11,2.47,13,13,13,,,
2017-03-15,12,0.49,13,13,13,,,
2017-03-15,13,1.92,13,13,13,,,
2017-03-15,14,0.45,13,13,13,,,
2017-03-15,15,12.28,13,13,13,,,
2017-03-15,16,6.07,13,13,13,,,
2017-03-15,17,2.84,13,13,13,,,
2017-03-15,18,4.53,23,31.55,14.37,,,
2017-03-15,19,43.87,14.36,14.36,27.39,,,
2017-03-15,20,53.35,38.84,42.52,25.84,,,
2017-03-15,21,12,14.34,14.34,14.33,,,
2017-03-15,22,7.11,13,13,13,,,
2017-03-15,23,2.51,6.04,13,13,,,
2017-03-15,24,1,5.98,6,13,,,
2017-03-16,1,0,0,5.36,6,,,
2017-03-16,2,0,0,0,5.36,,,
2017-03-16,3,3.89,6.04,0,3,,,
2017-03-16,4,0,13,13,13,,,
2017-03-16,5,0,14.3,14.35,14.35,,,
2017-03-16,6,15.3,42.86,42.85,35,,,
2017-03-16,7,13.62,49,49,34.19,,,
2017-03-16,8,14.35,67.46,67.46,48,,,
2017-03-16,9,4.05,56.28,48,42.85,,,
2017-03-16,10,0,33.82,33.85,22.48,,,
2017-03-16,11,6.4,13.03,14.32,14.33,,,
2017-03-16,12,0,14.35,13,13,,,
2017-03-16,13,0,14.37,14.36,13,,,
2017-03-16,14,0,13,13.01,13,,,
2017-03-16,15,0,13,13,13,,,
2017-03-16,16,0,6.04,13,13,,,
2017-03-16,17,2.71,13,13,14.35,,,
2017-03-16,18,14.03,18.5,19.69,22.68,,,
2017-03-16,19,58.95,33.82,33.61,33.82,,,
2017-03-16,20,454.07,35.26,35.45,42.85,,,
2017-03-16,21,183.02,33.82,24.11,35.45,,,
2017-03-16,22,34.35,33.85,33.82,32.28,,,
2017-03-16,23,38.68,27.33,26,33.82,,,
2017-03-16,24,12.97,14.31,14.33,14.38,,,
2017-03-17,1,14.36,13.02,13.02,14.33,,,
2017-03-17,2,14.38,14,13,14,,,
2017-03-17,3,7.67,14,13,13,,,
2017-03-17,4,13.62,13,13,13,,,
2017-03-17,5,6.93,14.36,14.37,14.36,,,
2017-03-17,6,32.74,34.15,34.24,34.43,,,
2017-03-17,7,74.03,34.24,24.2,25.69,,,
2017-03-17,8,34.39,46.2,34.4,23.98,,,
2017-03-17,9,27.98,32.62,32.24,24.63,,,
2017-03-17,10,18.89,18,28.44,28.02,,,
2017-03-17,11,4.79,17,14.36,13,,,
2017-03-17,12,10.97,14.36,14.4,13,,,
2017-03-17,13,0,13,13,13,,,
2017-03-17,14,0,13,13,13,,,
2017-03-17,15,0,13,13,13,,,
2017-03-17,16,1.27,13,13,13,,,
2017-03-17,17,7.48,13,13,13,,,
2017-03-17,18,8.48,35.94,35.28,35.28,,,
2017-03-17,19,119.46,25,26.25,30.55,,,
2017-03-17,20,24.06,38.73,38,41.83,,,
2017-03-17,21,26.97,33,28.16,33.94,,,
2017-03-17,22,79.5,23,23,25,,,
2017-03-17,23,10.18,14,14,14.39,,,
2017-03-17,24,11.56,13,13,13,,,
2017-03-18,1,14.34,14.32,13,13,,,
2017-03-18,2,14.36,14.35,14.35,14.31,,,
2017-03-18,3,14.34,14.33,14.32,14.32,,,
2017-03-18,4,20.35,15,15,22,,,
2017-03-18,5,14.36,22.66,22.66,27.58,,,
2017-03-18,6,15.92,14.36,14.38,20,,,
2017-03-18,7,12.97,14.34,14.34,24,,,
2017-03-18,8,15.94,14.38,14.35,14.38,,,
2017-03-18,9,39.67,14.38,14.37,14.39,,,
2017-03-18,10,25.43,32.01,22.39,14.33,,,
2017-03-18,11,38.88,24.34,24.34,21.04,,,
2017-03-18,12,24.43,21.05,19,24,,,
2017-03-18,13,26.07,14.39,14.39,14.36,,,
2017-03-18,14,34.18,25,14.4,14.39,,,
2017-03-18,15,36.49,24,24,14.34,,,
2017-03-18,16,96.68,30.59,24,14.4,,,
2017-03-18,17,64.38,33.29,29.27,14.39,,,
2017-03-18,18,13.51,35.24,28.8,14.4,,,
2017-03-18,19,14.35,44.36,44.36,33.11,,,
2017-03-18,20,10.74,44.22,44.22,31.99,,,
2017-03-18,21,13.75,18.4,34.38,25.79,,,
2017-03-18,22,12.94,14.34,14.35,14.39,,,
2017-03-18,23,13.03,13,13,20,,,
2017-03-18,24,13.62,14.05,14.05,14.34,,,
2017-03-19,1,12.38,14.05,13,14.36,,,
2017-03-19,2,14.12,13,13,13,,,
2017-03-19,3,14.18,13,13,13,,,
2017-03-19,4,13,13,13,13,,,
2017-03-19,5,12.2,13,13,13,,,
2017-03-19,6,12.87,14.32,14.32,18.38,,,
2017-03-19,7,12.69,13,13,13,,,
2017-03-19,8,12.23,13,13,13,,,
2017-03-19,9,12.21,13,12.56,13,,,
2017-03-19,10,-0.57,13,13,12.21,,,
2017-03-19,11,5.37,13,14.38,14.34,,,
2017-03-19,12,14.36,12.56,13,13,,,
2017-03-19,13,13.65,13,13,13,,,
2017-03-19,14,2.39,13,13,13,,,
2017-03-19,15,8.29,13,13,13,,,
2017-03-19,16,11.78,13,13,13,,,
2017-03-19,17,11.66,13,13,13,,,
2017-03-19,18,10.26,13,13,14,,,
2017-03-19,19,16.25,18.85,18.85,15,,,
2017-03-19,20,12.85,25,25,36,,,
2017-03-19,21,3.47,16,16.56,18,,,
2017-03-19,22,5.2,13,13.01,18.68,,,
2017-03-19,23,4.69,12.19,12.19,13,,,
2017-03-19,24,8.19,12.21,12.5,12.21,,,
2017-03-20,1,11.99,13,13,14.32,,,
2017-03-20,2,12.21,12.21,12.21,13,,,
2017-03-20,3,12.69,12.21,12.22,13,,,
2017-03-20,4,12.19,13,13,14.33,,,
2017-03-20,5,12.36,14.12,14.4,31.96,,,
2017-03-20,6,42.05,35,35,39.13,,,
2017-03-20,7,209.09,33.18,32.28,32.08,,,
2017-03-20,8,36.93,48.45,35,34.63,,,
2017-03-20,9,31.95,32.57,34.62,27,,,
2017-03-20,10,34.25,23,31.98,33.02,,,
2017-03-20,11,32.96,31.93,23,32.08,,,
2017-03-20,12,32.31,32,16.56,32.26,,,
2017-03-20,13,14.39,32.08,25,22,,,
2017-03-20,14,23.28,24.5,27.5,20,,,
2017-03-20,15,34.38,30,30,33.57,,,
2017-03-20,16,36.86,33.15,35.86,35.86,,,
2017-03-20,17,36.72,30.6,21,33.26,,,
2017-03-20,18,34.43,30.61,24.44,29.85,,,
2017-03-20,19,42.17,32.08,31,32.08,,,
2017-03-20,20,36.48,30,30.36,32.08,,,
2017-03-20,21,22.47,27.88,27.88,28,,,
2017-03-20,22,24.36,29.31,29.31,30.32,,,
2017-03-20,23,28.97,29.31,29.31,27.89,,,
2017-03-20,24,37.62,25.95,25.95,29.86,,,
2017-03-21,1,33.15,18,18,19,,,
2017-03-21,2,13.64,14.32,14.32,14.32,,,
2017-03-21,3,11.94,13.9,13.9,14,,,
2017-03-21,4,13.14,13,13,13,,,
2017-03-21,5,14.47,16,16,17,,,
2017-03-21,6,23.93,16,16.5,31.65,,,
2017-03-21,7,107.03,33.93,32.37,32.38,,,
2017-03-21,8,36.79,36.2,33.14,27.13,,,
2017-03-21,9,34.21,40.14,38.44,31,,,
2017-03-21,10,24.93,39.02,39.02,35.24,,,
2017-03-21,11,9.11,26,34,36.15,,,
2017-03-21,12,0.82,6.04,6.1,25.8,,,
2017-03-21,13,0,13,13,13,,,
2017-03-21,14,0,6.1,13.01,13,,,
2017-03-21,15,0.92,13,13.01,13,,,
2017-03-21,16,4.44,13,13,13,,,
2017-03-21,17,5.52,6.04,13,13,,,
2017-03-21,18,1.97,13,13,13,,,
2017-03-21,19,4.65,13,13,13,,,
2017-03-21,20,4.49,13.02,13.02,13,,,
2017-03-21,21,6.5,13.01,13.02,13.01,,,
2017-03-21,22,2.89,13,13,13,,,
2017-03-21,23,2.48,13,13,13,,,
2017-03-21,24,1.48,5.94,13,5.96,,,
2017-03-22,1,0,0.02,5.38,6.04,,,
2017-03-22,2,0,0,0,0,,,
2017-03-22,3,0,0,0,0,,,
2017-03-22,4,7.07,0,0,0,,,
2017-03-22,5,9.36,14.31,14.33,5.88,,,
2017-03-22,6,24.63,14.34,14.35,14.36,,,
2017-03-22,7,121.06,33.77,16,17,,,
2017-03-22,8,9.98,40.43,40.08,28,,,
2017-03-22,9,0,43.85,40.09,33,,,
2017-03-22,10,5.17,30.5,27,40.09,,,
2017-03-22,11,14.37,14.37,34.75,14.38,,,
2017-03-22,12,13.07,16,17,36.5,,,
2017-03-22,13,5.56,14,14.34,34.75,,,
2017-03-22,14,30.84,14.38,14.35,14.35,,,
2017-03-22,15,25.04,24.5,25.78,19.06,,,
2017-03-22,16,13.75,34.12,34.13,35.55,,,
2017-03-22,17,26.43,30.89,33.55,36.23,,,
2017-03-22,18,32.9,34.75,33.69,37.94,,,
2017-03-22,19,40.02,37.11,37.62,40.09,,,
2017-03-22,20,45.09,39.76,39.76,44.25,,,
2017-03-22,21,38.85,37.35,36.06,39.01,,,
2017-03-22,22,31.87,37.29,34.78,36.21,,,
2017-03-22,23,22.21,32.1,31.57,34.75,,,
2017-03-22,24,30.45,19.05,19.05,34.75,,,
2017-03-23,1,33.4,30,19,34.78,,,
2017-03-23,2,27.8,16,16,25.24,,,
2017-03-23,3,15.7,14.34,14.33,14.4,,,
2017-03-23,4,36.12,20,20,30.68,,,
2017-03-23,5,21.4,37.17,34.75,36.3,,,
2017-03-23,6,54.33,44.12,39.38,37.67,,,
2017-03-23,7,393.32,57.87,44.87,39.38,,,
2017-03-23,8,38.51,44.87,41.2,39.38,,,
2017-03-23,9,36.19,37.62,37.52,37.68,,,
2017-03-23,10,35.23,37.27,37.67,37.19,,,
2017-03-23,11,14.37,35.32,35.32,35.66,,,
2017-03-23,12,7.43,14.36,18.5,36.43,,,
2017-03-23,13,12.24,14.34,14.35,35.48,,,
2017-03-23,14,9.49,14.35,14.32,13,,,
2017-03-23,15,13.65,14.37,14.36,13,,,
2017-03-23,16,13.62,14.35,14.36,14.34,,,
2017-03-23,17,36.06,25.5,32.46,34.13,,,
2017-03-23,18,26.33,34.13,34.38,34.56,,,
2017-03-23,19,330.78,41.13,45.32,34.56,,,
2017-03-23,20,35.02,56,37.3,44.53,,,
2017-03-23,21,1.5,64.18,34.55,34.38,,,
2017-03-23,22,3.21,6.2,31.12,34.13,,,
2017-03-23,23,3.63,5.94,7.09,14.36,,,
2017-03-23,24,12.96,6.04,13,13,,,
2017-03-24,1,12.01,13,13,13,,,
2017-03-24,2,4.45,13,13,13,,,
2017-03-24,3,0,13,13,13,,,
2017-03-24,4,10.75,13,13,13,,,
2017-03-24,5,10.02,13,13,13,,,
2017-03-24,6,53.57,14.4,14.38,14.38,,,
2017-03-24,7,156.46,13,13,13,,,
2017-03-24,8,257.69,14.35,13.01,14.34,,,
2017-03-24,9,71.08,41.88,14.39,14.34,,,
2017-03-24,10,276.39,37,37,19.5,,,
2017-03-24,11,8.8,41.38,21,34.56,,,
2017-03-24,12,5.5,30,30,14.35,,,
2017-03-24,13,10.18,14.37,14.75,20,,,
2017-03-24,14,3.6,13,13.65,14.39,,,
2017-03-24,15,10.87,13,14.24,13,,,
2017-03-24,16,20.23,14.33,14.32,14.34,,,
2017-03-24,17,18.29,14.33,14.34,13,,,
2017-03-24,18,7.05,12.92,12.8,13,,,
2017-03-24,19,9.6,13.33,13.33,14.33,,,
2017-03-24,20,16.03,17,17,22.64,,,
2017-03-24,21,32.04,16,16,19.13,,,
2017-03-24,22,47.78,14.39,14.4,14.4,,,
2017-03-24,23,6.99,14.32,14.33,14.34,,,
2017-03-24,24,11.12,14.31,13,14.33,,,
2017-03-25,1,14.35,13,13,13,,,
2017-03-25,2,14.35,13.1,14.03,13,,,
2017-03-25,3,14.34,14.31,13.1,13,,,
2017-03-25,4,14.32,14.35,14.33,14.32,,,
2017-03-25,5,7.99,14.31,14.32,14.35,,,
2017-03-25,6,2.34,14.32,13,13,,,
2017-03-25,7,3.03,13,13,13,,,
2017-03-25,8,13.04,13,13,13,,,
2017-03-25,9,186.82,18.5,14.38,13,,,
2017-03-25,10,74.86,29,27.5,14.36,,,
2017-03-25,11,14.37,32.44,32.44,29,,,
2017-03-25,12,13.64,24.46,23,33.67,,,
2017-03-25,13,12.95,18,18,24.93,,,
2017-03-25,14,14.35,21.98,28,20.38,,,
2017-03-25,15,7.17,14.35,14.36,14.4,,,
2017-03-25,16,13.62,14.4,14.37,14.35,,,
2017-03-25,17,11.58,21.27,21.27,14.38,,,
2017-03-25,18,2.79,14.37,14.38,14.34,,,
2017-03-25,19,3.92,14.28,14.34,14.34,,,
2017-03-25,20,0,12.65,12.95,13,,,
2017-03-25,21,2.69,12.89,14.31,13,,,
2017-03-25,22,1.69,13,13,13,,,
2017-03-25,23,0.99,5.94,13,7.09,,,
2017-03-25,24,0,5.89,10,13,,,
2017-03-26,1,0,0,0,0,,,
2017-03-26,2,0,0,0,1,,,
2017-03-26,3,0,0,0,0,,,
2017-03-26,4,0,0,0,0,,,
2017-03-26,5,0,0,0,0,,,
2017-03-26,6,0,5.36,0,0,,,
2017-03-26,7,0.45,0,4.89,5.36,,,
2017-03-26,8,10.67,10.41,6.12,13,,,
2017-03-26,9,20.36,12.21,12.2,13,,,
2017-03-26,10,146.89,13,13,12.21,,,
2017-03-26,11,99.03,12.8,12.7,13,,,
2017-03-26,12,14.35,14.4,14.33,13,,,
2017-03-26,13,14.29,13,13,14.34,,,
2017-03-26,14,15.49,13,13,14.35,,,
2017-03-26,15,110.38,14.31,14.32,14.4,,,
2017-03-26,16,314.06,18.5,16,22.5,,,
2017-03-26,17,150.96,29.5,21.79,22.24,,,
2017-03-26,18,8.9,14.35,13.75,14.6,,,
2017-03-26,19,14.37,22,22,27.16,,,
2017-03-26,20,12.28,25,25,46.9,,,
2017-03-26,21,8.63,14.38,14.36,14.38,,,
2017-03-26,22,13.78,13,13,6.03,,,
2017-03-26,23,39.33,14.35,14.36,13,,,
2017-03-26,24,11.43,14.38,14.36,13,,,
2017-03-27,1,0.95,13.1,13.1,13,,,
2017-03-27,2,3,13.1,13,13,,,
2017-03-27,3,9.72,13,13,13,,,
2017-03-27,4,11.45,14,13,13,,,
2017-03-27,5,-0.25,23.77,21.34,14.36,,,
2017-03-27,6,24.21,39.51,34.57,34.08,,,
2017-03-27,7,39.47,16.59,14.4,14.36,,,
2017-03-27,8,14.38,14.38,13,13,,,
2017-03-27,9,21.06,14.37,14.4,14.29,,,
2017-03-27,10,17.68,29.16,24.2,21,,,
2017-03-27,11,33.59,32,32,34.75,,,
2017-03-27,12,26.13,23.56,23.2,34.29,,,
2017-03-27,13,34.06,34.51,32,35.38,,,
2017-03-27,14,35.36,35.36,35.33,35.39,,,
2017-03-27,15,35.37,35.48,35.35,37.71,,,
2017-03-27,16,36.82,36.65,36.65,37.7,,,
2017-03-27,17,33.59,35.5,35.67,36.19,,,
2017-03-27,18,30.18,35.25,35.5,37.26,,,
2017-03-27,19,31.38,27.05,27.05,33.2,,,
2017-03-27,20,29.96,32.5,29.8,33.57,,,
2017-03-27,21,32.85,37.65,37.65,37.3,,,
2017-03-27,22,70.17,35.64,35.68,35.64,,,
2017-03-27,23,61.45,30.45,30.45,30.45,,,
2017-03-27,24,39.78,14.4,14.4,14.4,,,
2017-03-28,1,32.28,20,19.31,14.39,,,
2017-03-28,2,32.36,14.36,14.37,14.35,,,
2017-03-28,3,15.69,14.39,14.34,14.25,,,
2017-03-28,4,13.66,14.02,14.35,14.02,,,
2017-03-28,5,14.89,25.75,25.72,26.03,,,
2017-03-28,6,17.24,39.13,35.13,37.3,,,
2017-03-28,7,24.49,14.36,14.36,14.75,,,
2017-03-28,8,14.36,26.17,14.36,14.36,,,
2017-03-28,9,14.36,30.2,34.08,19.03,,,
2017-03-28,10,22.67,34.64,37,28.62,,,
2017-03-28,11,14.36,35.8,30.33,30.31,,,
2017-03-28,12,14.37,29.36,34.48,27.2,,,
2017-03-28,13,14.35,35.33,29.29,34.64,,,
2017-03-28,14,14.36,29.36,34.64,22.43,,,
2017-03-28,15,15.47,21.89,25,25.13,,,
2017-03-28,16,26.95,36.4,37.35,30.9,,,
2017-03-28,17,14.37,34.64,35,27.64,,,
2017-03-28,18,13.67,26,18.18,16,,,
2017-03-28,19,31.07,29.03,34.64,34.64,,,
2017-03-28,20,46.86,47.3,52.92,45.06,,,
2017-03-28,21,51.29,31.75,33,36.19,,,
2017-03-28,22,45.67,23.75,30,31.74,,,
2017-03-28,23,8.43,14.36,14.35,14.33,,,
2017-03-28,24,12.11,14.38,14.36,14.33,,,
2017-03-29,1,7.17,14.36,14.36,14,,,
2017-03-29,2,14.38,14.35,14.37,13.04,,,
2017-03-29,3,14.36,14.35,14.38,14.35,,,
2017-03-29,4,11.21,14.3,14.35,14.35,,,
2017-03-29,5,40.3,14.87,18,18,,,
2017-03-29,6,61.29,41.33,41.33,34.6,,,
2017-03-29,7,69.38,49.76,41.31,34,,,
2017-03-29,8,39.69,56.47,56.3,43.6,,,
2017-03-29,9,39.95,43.84,44.11,41.31,,,
2017-03-29,10,45.38,44,49.95,45.55,,,
2017-03-29,11,33.35,42.4,37.87,41.1,,,
2017-03-29,12,36.25,39.27,37.68,42.9,,,
2017-03-29,13,19.43,31.23,34.3,39,,,
2017-03-29,14,14.37,22,23,33.4,,,
2017-03-29,15,31.79,20,18,31.04,,,
2017-03-29,16,33.73,24.15,24.56,31.05,,,
2017-03-29,17,31.82,30.56,30.56,32.89,,,
2017-03-29,18,31.77,32.71,26.76,33.41,,,
2017-03-29,19,28.05,28.57,28.57,33.23,,,
2017-03-29,20,32.46,30.32,30.32,32.39,,,
2017-03-29,21,23.65,21.22,21.22,27.05,,,
2017-03-29,22,23.07,24.5,24.5,14.39,,,
2017-03-29,23,16.59,24.5,23.17,34.86,,,
2017-03-29,24,12.52,14.33,14.36,14.38,,,
2017-03-30,1,7.18,14.3,14.34,14.35,,,
2017-03-30,2,0,13.04,13,13.04,,,
2017-03-30,3,0,12,12.02,12.05,,,
2017-03-30,4,0,12,12,13,,,
2017-03-30,5,0,14.39,15.22,14.4,,,
2017-03-30,6,0.41,22.3,22.3,34.3,,,
2017-03-30,7,0,14.35,14.35,14.51,,,
2017-03-30,8,5.36,16,16,26.06,,,
2017-03-30,9,8.78,14.39,25,14.35,,,
2017-03-30,10,12.96,25.13,25.77,22.25,,,
2017-03-30,11,14.4,14.35,27,14.34,,,
2017-03-30,12,14.38,27,14.38,14.36,,,
2017-03-30,13,14.36,14.35,14.11,13,,,
2017-03-30,14,6.06,13,13,13,,,
2017-03-30,15,13.76,14.26,14.27,13,,,
2017-03-30,16,28.25,14.35,14.35,13,,,
2017-03-30,17,165.42,19.5,14.39,13.01,,,
2017-03-30,18,64.47,20,14.37,14.35,,,
2017-03-30,19,24.55,29.33,14.35,14.35,,,
2017-03-30,20,7.52,33.88,33.89,18,,,
2017-03-30,21,12.93,16.53,16.53,32.38,,,
2017-03-30,22,8.57,6.12,6.14,6.03,,,
2017-03-30,23,10.99,13.02,13.02,5.92,,,
2017-03-30,24,12.96,13,13.01,13,,,
2017-03-31,1,11.21,13.03,13.02,13.02,,,
2017-03-31,2,17.38,13.01,13.02,13.01,,,
2017-03-31,3,17.41,6.03,4.89,5.25,,,
2017-03-31,4,11.71,13.02,13.01,6.29,,,
2017-03-31,5,0,14.36,14.35,14.34,,,
2017-03-31,6,21.47,34.83,34.83,29.61,,,
2017-03-31,7,45.78,35.4,34.73,20,,,
2017-03-31,8,159.38,51.34,40.13,36.11,,,
2017-03-31,9,372.82,46,46,36.63,,,
2017-03-31,10,207.98,42.2,39.17,47.51,,,
2017-03-31,11,69.14,41.69,36.53,45,,,
2017-03-31,12,41.21,49.37,41.69,38.52,,,
2017-03-31,13,38.57,45.57,45.57,42.06,,,
2017-03-31,14,35.09,42.65,46.5,42.44,,,
2017-03-31,15,33.08,38,39.17,38.98,,,
2017-03-31,16,19.84,36.5,36.51,36.51,,,
2017-03-31,17,13.65,30.15,29.75,30.2,,,
2017-03-31,18,14.37,32,32,30.2,,,
2017-03-31,19,32.37,34.9,33.46,32,,,
2017-03-31,20,27.6,34.7,34.9,33.46,,,
2017-03-31,21,27.72,37.37,35,32,,,
2017-03-31,22,15.54,34.9,34.9,33.46,,,
2017-03-31,23,10.35,22.9,25,33.46,,,
2017-03-31,24,20.46,18.85,21.21,33.45,,,
2017-04-01,1,26.84,30.79,30.12,19.78,,,
2017-04-01,2,17.81,30,29,25.49,,,
2017-04-01,3,14.37,30.11,18,23,,,
2017-04-01,4,16.09,25,25.8,18,,,
2017-04-01,5,9.28,26.88,26.55,26.92,,,
2017-04-01,6,1.43,32.56,33.32,24,,,
2017-04-01,7,5.93,34.55,34.9,32.66,,,
2017-04-01,8,10.18,30.08,30.08,14.39,,,
2017-04-01,9,14.36,20.17,25.86,14.4,,,
2017-04-01,10,12.51,20.17,25.2,20.17,,,
2017-04-01,11,7.59,34,35.08,20.17,,,
2017-04-01,12,14.36,34.45,35.79,34.42,,,
2017-04-01,13,17.71,34.48,34.48,31,,,
2017-04-01,14,7.3,32.24,34.45,20.17,,,
2017-04-01,15,6.74,32.24,34.45,25.39,,,
2017-04-01,16,22.87,29.97,34.42,28.7,,,
2017-04-01,17,32.61,25.35,33.89,21.55,,,
2017-04-01,18,23.19,29.53,29,26.29,,,
2017-04-01,19,9.07,22.22,22.22,24.23,,,
2017-04-01,20,27.6,32,32,34,,,
2017-04-01,21,31.49,32.51,32.51,23.49,,,
2017-04-01,22,13.77,30,30,32.95,,,
2017-04-01,23,7.28,22,22,27,,,
2017-04-01,24,3.5,17,17,17,,,
2017-04-02,1,0,14.34,14.4,17,,,
2017-04-02,2,0,13,13.25,14.36,,,
2017-04-02,3,0,13,13,13,,,
2017-04-02,4,0,6.66,9.7,9.13,,,
2017-04-02,5,4.79,13,13.1,13,,,
2017-04-02,6,8.18,13.25,13.25,14.36,,,
2017-04-02,7,22.55,13,13,13,,,
2017-04-02,8,6.09,13.01,13.01,13,,,
2017-04-02,9,-0.5,13.25,14.35,9.13,,,
2017-04-02,10,4.46,6.06,13.01,6.12,,,
2017-04-02,11,7.56,13.02,13.02,8.88,,,
2017-04-02,12,10.17,13.1,14.31,13.1,,,
2017-04-02,13,10.18,13.01,13.01,13.1,,,
2017-04-02,14,7.99,13.01,13.01,6.03,,,
2017-04-02,15,2.43,2.22,5.36,4.89,,,
2017-04-02,16,1.86,5.94,10,13.01,,,
2017-04-02,17,12.26,13.1,13.1,13.01,,,
2017-04-02,18,13.65,13.01,13.01,13.01,,,
2017-04-02,19,53,13.1,13.01,14,,,
2017-04-02,20,31.72,13.5,13.1,14.36,,,
2017-04-02,21,9.87,14.36,13.1,13.1,,,
2017-04-02,22,18.2,14.36,14.27,14.36,,,
2017-04-02,23,20.39,13.98,14.01,13,,,
2017-04-02,24,7.48,13.25,13.25,14.36,,,
2017-04-03,1,2.92,13.02,13.02,14.35,,,
2017-04-03,2,4.51,5.94,13.01,13.01,,,
2017-04-03,3,5.62,0,5.94,13.01,,,
2017-04-03,4,2.32,0,0,5.36,,,
2017-04-03,5,-0.25,14.37,14.37,13.01,,,
2017-04-03,6,-0.63,14.36,14.36,13.25,,,
2017-04-03,7,2.44,7.07,13,13,,,
2017-04-03,8,1.84,13,13,13,,,
2017-04-03,9,0,13.25,14,13,,,
2017-04-03,10,0,14,14.31,13.1,,,
2017-04-03,11,0,6.06,13.1,13.1,,,
2017-04-03,12,0,0,6.06,13.01,,,
2017-04-03,13,0,0,0,0,,,
2017-04-03,14,0,0,0,0,,,
2017-04-03,15,1.39,0,0,0,,,
2017-04-03,16,0.41,0,0,0,,,
2017-04-03,17,4.28,13.01,6.04,5.38,,,
2017-04-03,18,5.49,13,13,0,,,
2017-04-03,19,10.48,13.01,13.01,13.01,,,
2017-04-03,20,10.36,14.37,14.39,14,,,
2017-04-03,21,5.88,13.1,13.1,13.01,,,
2017-04-03,22,1.85,4.89,0,0,,,
2017-04-03,23,1.95,0,0,0,,,
2017-04-03,24,0,0,0,0,,,
2017-04-04,1,0.41,0,0,0,,,
2017-04-04,2,0,0,0,0,,,
2017-04-04,3,0,0,0,0,,,
2017-04-04,4,0,0,0,0,,,
2017-04-04,5,2.84,0,0,0,,,
2017-04-04,6,23.06,13,13,13,,,
2017-04-04,7,13.67,14,14,13.01,,,
2017-04-04,8,20.18,14,13.75,14.36,,,
2017-04-04,9,18.66,14,13.01,13.01,,,
2017-04-04,10,8.84,14.36,13.01,13,,,
2017-04-04,11,4.89,12,12,11.5,,,
2017-04-04,12,2.86,12,12,6.06,,,
2017-04-04,13,8.82,12,12,13,,,
2017-04-04,14,7.92,13,13,10,,,
2017-04-04,15,10.19,12,12,5,,,
2017-04-04,16,0,12,12,7.07,,,
2017-04-04,17,16.09,6.06,12,13,,,
2017-04-04,18,99.89,0,0,13,,,
2017-04-04,19,17.91,13,13,13.01,,,
2017-04-04,20,12.27,13.01,13.01,13.01,,,
2017-04-04,21,27.24,12,12,14.33,,,
2017-04-04,22,12.97,6.56,6.14,6.02,,,
2017-04-04,23,8.48,1.13,0,0,,,
2017-04-04,24,14.37,5.11,5.11,0,,,
2017-04-05,1,23.94,5.36,5.13,0,,,
2017-04-05,2,12.97,4.89,4.11,2.13,,,
2017-04-05,3,12.93,4.25,0,4.11,,,
2017-04-05,4,12.94,4.89,2.88,0.01,,,
2017-04-05,5,10.09,12.92,12.91,5.87,,,
2017-04-05,6,9.9,12.94,12.94,25,,,
2017-04-05,7,82.92,35,35,38,,,
2017-04-05,8,12.98,54.8,38.79,37.91,,,
2017-04-05,9,12.96,46,48,25,,,
2017-04-05,10,16.06,39,48,54.24,,,
2017-04-05,11,13.75,49,49,21.37,,,
2017-04-05,12,8.57,46.38,46.38,40.77,,,
2017-04-05,13,2.46,25,29.13,45.03,,,
2017-04-05,14,2.73,13.01,14.34,14.4,,,
2017-04-05,15,13.66,12,12.5,13,,,
2017-04-05,16,9.68,12,12.85,13.01,,,
2017-04-05,17,4.46,12.5,12,10.77,,,
2017-04-05,18,5.5,5.92,6.06,12,,,
2017-04-05,19,6.82,13,13,14.35,,,
2017-04-05,20,4.94,13,13,14.34,,,
2017-04-05,21,5,13.01,13.01,13.01,,,
2017-04-05,22,4.48,6.07,10,6.12,,,
2017-04-05,23,0,0,0,0,,,
2017-04-05,24,-0.5,0,0,0,,,
2017-04-06,1,-0.27,0,0,0,,,
2017-04-06,2,-0.75,0,0,0,,,
2017-04-06,3,-2.77,0,0,-0.02,,,
2017-04-06,4,-1.3,0,0,0,,,
2017-04-06,5,-0.25,0,0,0,,,
2017-04-06,6,0,5.92,12,12.45,,,
2017-04-06,7,10.03,7.07,12.95,12.95,,,
2017-04-06,8,13.67,13,13,13,,,
2017-04-06,9,111.54,14.39,14.36,13.01,,,
2017-04-06,10,847.51,14.39,14.39,14.34,,,
2017-04-06,11,135.59,27.5,14.37,14.39,,,
2017-04-06,12,10.53,41.85,14.39,14.33,,,
2017-04-06,13,6.14,14.31,14.33,14.36,,,
2017-04-06,14,13,14.34,14.36,21.32,,,
2017-04-06,15,8.23,14.35,13,20,,,
2017-04-06,16,1.89,13,12,12,,,
2017-04-06,17,0.45,6,6,7.07,,,
2017-04-06,18,4.81,0.55,5.87,5.92,,,
2017-04-06,19,10.56,5,5,5.92,,,
2017-04-06,20,13.75,8,8,10,,,
2017-04-06,21,9.02,14.35,13,6.03,,,
2017-04-06,22,6.3,7.07,7.07,0,,,
2017-04-06,23,0,0,0,0,,,
2017-04-06,24,0,0,0,0,,,
2017-04-07,1,-2.54,0,0,0,,,
2017-04-07,2,-3,0,0,-0.5,,,
2017-04-07,3,-3,-0.5,0,-0.02,,,
2017-04-07,4,-2.77,0,0,0,,,
2017-04-07,5,-1.51,0,0,0,,,
2017-04-07,6,-0.25,0,0,0,,,
2017-04-07,7,0,0,4.91,0,,,
2017-04-07,8,0,6.06,6.12,5.92,,,
2017-04-07,9,0,0,5.18,6.02,,,
2017-04-07,10,0,0,0,0,,,
2017-04-07,11,0,0,0,0,,,
2017-04-07,12,0,0,0,0,,,
2017-04-07,13,0,0,0,0,,,
2017-04-07,14,-0.02,0,0,0,,,
2017-04-07,15,0,0,0,0,,,
2017-04-07,16,0,0,0,0,,,
2017-04-07,17,0,0,0,0,,,
2017-04-07,18,0,0,3.16,0,,,
2017-04-07,19,9.25,7.07,7.36,7.76,,,
2017-04-07,20,16.57,13,13.5,14.36,,,
2017-04-07,21,308.24,13,10.16,13,,,
2017-04-07,22,190.48,10.96,8.4,6.02,,,
2017-04-07,23,0,5.87,5.36,0,,,
2017-04-07,24,0,0,0,0,,,
2017-04-08,1,0,0,0,0,,,
2017-04-08,2,-1.51,-0.02,-0.25,-0.02,,,
2017-04-08,3,-0.51,-0.02,-0.25,-0.25,,,
2017-04-08,4,-0.55,0,0,-0.5,,,
2017-04-08,5,-0.26,0,0,0,,,
2017-04-08,6,8.43,4.89,5.36,0,,,
2017-04-08,7,2.82,5.87,5.87,5.94,,,
2017-04-08,8,8.07,10,10,13,,,
2017-04-08,9,-2.26,6,6,6.13,,,
2017-04-08,10,4.21,0,6.12,5.92,,,
2017-04-08,11,32.61,6.02,5.92,-0.5,,,
2017-04-08,12,44.93,13,6.12,0,,,
2017-04-08,13,4.96,6.06,6.06,0,,,
2017-04-08,14,-3.3,0,0,-0.5,,,
2017-04-08,15,-4.3,-0.25,-0.25,-0.5,,,
2017-04-08,16,-3.3,-0.5,0,0,,,
2017-04-08,17,-3.07,-0.02,-0.25,0,,,
2017-04-08,18,-0.25,5.87,5.87,0,,,
2017-04-08,19,0,5.92,5.87,0,,,
2017-04-08,20,0,6.02,6.02,7.07,,,
2017-04-08,21,0,4.15,3.15,6.12,,,
2017-04-08,22,-0.25,0,2.88,0,,,
2017-04-08,23,-2.02,0,0,0,,,
2017-04-08,24,-3.6,-0.5,-0.5,-0.5,,,
2017-04-09,1,-3.8,-3,-3,-3,,,
2017-04-09,2,-4.27,-3,-4.2,-3,,,
2017-04-09,3,-4.33,-4.2,-4.2,-4.2,,,
2017-04-09,4,-4.3,-4.2,-3,-3,,,
2017-04-09,5,-4.45,-4.3,-4.3,-4.2,,,
2017-04-09,6,-4.3,-4.2,-4.2,-4.2,,,
2017-04-09,7,-4.3,-3,-3,-3,,,
2017-04-09,8,-4.23,-3,-3,-3,,,
2017-04-09,9,-4.25,-3,-3,-3,,,
2017-04-09,10,-4,-3,-3,-3,,,
2017-04-09,11,-4.26,-3,-3,-3,,,
2017-04-09,12,-4.26,-3,-3,-4.2,,,
2017-04-09,13,-4.32,-4.2,-4.2,-4.2,,,
2017-04-09,14,-4.33,-4.2,-4.2,-4.2,,,
2017-04-09,15,-3.81,-4.2,-4.2,-4.3,,,
2017-04-09,16,-3.1,-3,-3,-3,,,
2017-04-09,17,-2.75,-3,-3,-3,,,
2017-04-09,18,-0.25,0,-0.02,-0.5,,,
2017-04-09,19,0,0,0,0,,,
2017-04-09,20,0,0,0,0,,,
2017-04-09,21,0,0,0,0,,,
2017-04-09,22,-1,0,0,0,,,
2017-04-09,23,-3,-3,-3,-3,,,
2017-04-09,24,-3.2,-3,-3,-3,,,
2017-04-10,1,-3.3,-3,-3,-3,,,
2017-04-10,2,-3.1,-3,-3,-4.2,,,
2017-04-10,3,-3.1,-3,-3,-3,,,
2017-04-10,4,-3,-3,-3,-3,,,
2017-04-10,5,-3.1,-3,-3,-3,,,
2017-04-10,6,-1.5,-0.5,-0.02,-0.02,,,
2017-04-10,7,0,0,0,0,,,
2017-04-10,8,0,0,0,0,,,
2017-04-10,9,0,0,0,0,,,
2017-04-10,10,0,0,0,0,,,
2017-04-10,11,-0.03,-0.02,0,-0.02,,,
2017-04-10,12,-0.53,-0.5,-0.5,-0.02,,,
2017-04-10,13,0,-0.25,-0.02,-0.5,,,
2017-04-10,14,-1.02,-0.02,-0.02,-0.5,,,
2017-04-10,15,0,0,0,-0.02,,,
2017-04-10,16,0,0,0,0,,,
2017-04-10,17,0,0,0,0,,,
2017-04-10,18,1.97,0,0,1.2,,,
2017-04-10,19,16.71,5.94,6.02,6.04,,,
2017-04-10,20,26.14,13,13.01,13,,,
2017-04-10,21,4.97,13,13,6.03,,,
2017-04-10,22,14.21,6.06,6.14,0,,,
2017-04-10,23,-0.5,0,0,0,,,
2017-04-10,24,-0.79,-0.25,-0.5,-0.5,,,
2017-04-11,1,-1.55,-0.5,-0.5,-3,,,
2017-04-11,2,-1.27,-3,-3,-3,,,
2017-04-11,3,-3,-3,-3,-3,,,
2017-04-11,4,-2,-0.5,-0.5,-3,,,
2017-04-11,5,-2.35,1,0,0,,,
2017-04-11,6,5.94,10.11,10.09,10.1,,,
2017-04-11,7,71.68,13,13,10.07,,,
2017-04-11,8,16.67,10,13,13.01,,,
2017-04-11,9,13.2,6.02,6.84,6.06,,,
2017-04-11,10,27.32,5.87,0,6.12,,,
2017-04-11,11,15.25,13,6.02,6.02,,,
2017-04-11,12,14.95,7.07,6.06,0,,,
2017-04-11,13,0.99,6.02,5.92,0,,,
2017-04-11,14,0,0,0,0,,,
2017-04-11,15,0,1.11,0.77,0,,,
2017-04-11,16,0,5.38,6.02,0,,,
2017-04-11,17,1.41,6.12,6.12,5.92,,,
2017-04-11,18,7.45,6.14,7.07,6.12,,,
2017-04-11,19,48.69,6.04,6.02,6.02,,,
2017-04-11,20,81.79,10.01,10.02,13,,,
2017-04-11,21,4.12,6.14,6.12,6.02,,,
2017-04-11,22,2.98,1.25,0.02,0,,,
2017-04-11,23,-0.5,0,0,0,,,
2017-04-11,24,-2.12,-0.5,-0.5,-0.5,,,
2017-04-12,1,-0.27,-0.5,-0.5,-0.5,,,
2017-04-12,2,-0.52,-0.5,-0.5,-0.5,,,
2017-04-12,3,-0.5,-0.5,-0.5,-0.5,,,
2017-04-12,4,-1.6,-0.5,-0.5,-0.5,,,
2017-04-12,5,0.74,6.12,6.02,0,,,
2017-04-12,6,12.79,13,13.01,13.01,,,
2017-04-12,7,120.8,7.17,7.77,13,,,
2017-04-12,8,"1,711.03",6.06,6.03,6.14,,,
2017-04-12,9,268.06,10.2,5.87,5.39,,,
2017-04-12,10,7.44,13.01,12.97,6.06,,,
2017-04-12,11,7.82,11.11,7.07,13,,,
2017-04-12,12,5.97,12.75,10.5,13,,,
2017-04-12,13,5.98,6.06,6.12,13,,,
2017-04-12,14,5.98,6.06,6.02,6.02,,,
2017-04-12,15,5.96,5.92,6.02,6.02,,,
2017-04-12,16,5.52,6.02,6.02,6.02,,,
2017-04-12,17,13.04,12.47,7.07,12.56,,,
2017-04-12,18,6.2,5.92,6.02,12.68,,,
2017-04-12,19,10.79,6.02,6.02,10.44,,,
2017-04-12,20,28.29,12.85,11.41,13.01,,,
2017-04-12,21,18.52,8.09,7.07,7.07,,,
2017-04-12,22,29.38,7.17,13,7.07,,,
2017-04-12,23,28.24,7.07,7,6.02,,,
2017-04-12,24,13.67,6.03,6.03,0,,,
2017-04-13,1,-0.08,5,0.17,-0.5,,,
2017-04-13,2,-0.92,2,0,-0.5,,,
2017-04-13,3,0.06,0,1,-0.5,,,
2017-04-13,4,-0.6,0,5,0,,,
2017-04-13,5,2.71,1,5.92,0,,,
2017-04-13,6,10.05,10.6,7.07,13,,,
2017-04-13,7,8.49,5.38,0,0.13,,,
2017-04-13,8,-2.26,5.87,0,5,,,
2017-04-13,9,-3.34,4,5.38,0,,,
2017-04-13,10,4.98,6,6.06,6.88,,,
2017-04-13,11,8.16,6.02,6.14,7.07,,,
2017-04-13,12,8.82,13,13,6.06,,,
2017-04-13,13,0.7,6.06,13,6.06,,,
2017-04-13,14,-3,5.16,6.02,6.06,,,
2017-04-13,15,1.41,6.06,5.38,5.92,,,
2017-04-13,16,5.48,13,13,6.02,,,
2017-04-13,17,13.42,10,10,13,,,
2017-04-13,18,25.63,0,2.05,6.02,,,
2017-04-13,19,19.48,13.01,7.07,13.01,,,
2017-04-13,20,13.87,14.34,13.03,13.03,,,
2017-04-13,21,11.49,13.01,13.01,13.01,,,
2017-04-13,22,7.67,6.02,6.02,6.02,,,
2017-04-13,23,1.58,5.94,5.94,5.92,,,
2017-04-13,24,-1.03,5.34,0,0,,,
2017-04-14,1,-3.98,-0.5,-0.5,-0.5,,,
2017-04-14,2,-4.06,-0.5,-3,-3,,,
2017-04-14,3,-4.15,-4.1,-4.1,-4,,,
2017-04-14,4,-4.1,-4,-4,-4,,,
2017-04-14,5,-4.01,-4,-4,-3,,,
2017-04-14,6,-1.13,-3,-3,-3,,,
2017-04-14,7,-1.26,-3,-3,-0.5,,,
2017-04-14,8,-3.17,-0.5,-0.5,-0.5,,,
2017-04-14,9,-4.03,-0.5,-0.5,-3,,,
2017-04-14,10,-4.02,-3,-0.5,-3,,,
2017-04-14,11,-4.03,-3,-3,-0.5,,,
2017-04-14,12,-4.02,-4,-3,-3,,,
2017-04-14,13,-4.11,-4.1,-4,-4,,,
2017-04-14,14,-4.18,-4.2,-4,-4.1,,,
2017-04-14,15,-4.19,-4.1,-4.1,-4.1,,,
2017-04-14,16,-4.09,-4.1,-3,-3,,,
2017-04-14,17,-2.42,-3,-0.5,-3,,,
2017-04-14,18,-0.25,-3,-3,-3,,,
2017-04-14,19,-0.81,0,-0.5,-3,,,
2017-04-14,20,-0.25,0,0,0,,,
2017-04-14,21,-1.52,-0.5,0,0,,,
2017-04-14,22,-2.25,-0.5,-0.5,-0.5,,,
2017-04-14,23,-3.8,-3,-3,-3,,,
2017-04-14,24,-4.13,-4,-3,-4,,,
2017-04-15,1,-4.13,-4,-3,-4,,,
2017-04-15,2,-4.21,-4.1,-4.1,-4.1,,,
2017-04-15,3,-4.32,-4.2,-4.1,-4.2,,,
2017-04-15,4,-4.53,-4.6,-4.3,-4.2,,,
2017-04-15,5,-4.31,-4.3,-4.2,-4.2,,,
2017-04-15,6,-4.02,-4.1,-4,-4,,,
2017-04-15,7,-4.26,-4.1,-4.1,-4.1,,,
2017-04-15,8,-4.21,-3,-4,-4.1,,,
2017-04-15,9,-3.25,-3,-3,-4.1,,,
2017-04-15,10,-3,-3,-3,-3,,,
2017-04-15,11,-2.29,-3,-3,-3,,,
2017-04-15,12,-3,-3,-3,-3,,,
2017-04-15,13,-3,-3,-3,-4,,,
2017-04-15,14,-3.17,-3,-3,-4,,,
2017-04-15,15,-4.04,-3,-3,-3,,,
2017-04-15,16,-3,-3,-3,-3,,,
2017-04-15,17,-3,-3,-3,-3,,,
2017-04-15,18,-3,-3,-3,-3,,,
2017-04-15,19,-2.77,-0.5,-0.5,-0.5,,,
2017-04-15,20,-3,0,0,0,,,
2017-04-15,21,-2.01,-0.5,0,-0.5,,,
2017-04-15,22,-2.02,-3,-0.5,-0.5,,,
2017-04-15,23,-3.35,-3,-3,-3,,,
2017-04-15,24,-4.21,-4,-4,-4.1,,,
2017-04-16,1,-4.48,-4.3,-4.2,-4.3,,,
2017-04-16,2,-4.27,-4.5,-4.3,-4.3,,,
2017-04-16,3,-4.4,-4.3,-4.5,-4.6,,,
2017-04-16,4,-4.5,-4.3,-4.2,-4.8,,,
2017-04-16,5,-4.45,-4.3,-4.2,-4.2,,,
2017-04-16,6,-4.56,-4.3,-4.3,-4.2,,,
2017-04-16,7,-5.57,-4.3,-4.2,-4,,,
2017-04-16,8,-4.1,-4,-4,-4,,,
2017-04-16,9,-3,-3,-3,-3,,,
2017-04-16,10,-3,-3,-3,-3,,,
2017-04-16,11,-3,-3,-3,-3,,,
2017-04-16,12,0,-3,-3,-3,,,
2017-04-16,13,0,-3,-3,-3,,,
2017-04-16,14,-2.5,-0.5,-3,-3,,,
2017-04-16,15,-2,-3,-3,-3,,,
2017-04-16,16,-3,-1.17,-3,-3,,,
2017-04-16,17,-3,-0.5,-0.5,-1.17,,,
2017-04-16,18,-3,-0.5,-0.5,-0.5,,,
2017-04-16,19,-0.52,0,0,0,,,
2017-04-16,20,0,0,0,0,,,
2017-04-16,21,-0.5,0,0,0,,,
2017-04-16,22,-1.06,0,0,0,,,
2017-04-16,23,-3.08,-0.02,0,-0.5,,,
2017-04-16,24,-3.08,-0.5,-0.5,-0.5,,,
2017-04-17,1,-3.17,-0.5,-0.5,-3,,,
2017-04-17,2,-3.17,-3,-0.5,-2,,,
2017-04-17,3,-4.08,-4,-4,-0.5,,,
2017-04-17,4,-2.92,-3,-3,-3,,,
2017-04-17,5,0.9,0,0,0,,,
2017-04-17,6,8.16,13.01,13.01,13.01,,,
2017-04-17,7,8.79,0,0,1,,,
2017-04-17,8,4.68,5.96,0,13.01,,,
2017-04-17,9,5.38,13.01,13.01,13.02,,,
2017-04-17,10,5.21,0,13.01,13.02,,,
2017-04-17,11,14.15,6.06,7.02,13.02,,,
2017-04-17,12,10.68,0,0,10,,,
2017-04-17,13,11.17,6.04,5.16,6.02,,,
2017-04-17,14,4.54,6.04,6.06,6.06,,,
2017-04-17,15,6.76,3.03,3.03,7.03,,,
2017-04-17,16,18.7,7.03,6.91,7.07,,,
2017-04-17,17,51.09,13,13,10,,,
2017-04-17,18,25.63,10,7.07,7.07,,,
2017-04-17,19,71.35,9.02,9.02,13.02,,,
2017-04-17,20,43.84,41.17,49.07,41.23,,,
2017-04-17,21,15.5,14.08,14.08,14.34,,,
2017-04-17,22,281.25,0,6.04,6.04,,,
2017-04-17,23,7.19,0,0,6.04,,,
2017-04-17,24,4.49,0,0,1.01,,,
2017-04-18,1,11.19,12.18,6.04,6.04,,,
2017-04-18,2,8.62,6.04,6.04,0,,,
2017-04-18,3,4.75,0,6,5.15,,,
2017-04-18,4,5.53,6,4.88,0,,,
2017-04-18,5,5.76,12.21,12.18,6.02,,,
2017-04-18,6,7.46,12.85,12.85,13,,,
2017-04-18,7,8.13,10,10,6.06,,,
2017-04-18,8,-1.25,0,1.2,6.36,,,
2017-04-18,9,-2.25,4.89,4.89,0,,,
2017-04-18,10,-1.81,0,0,0,,,
2017-04-18,11,10.29,13,13,0,,,
2017-04-18,12,8.3,10,10,11,,,
2017-04-18,13,5.03,6,6.06,13,,,
2017-04-18,14,3.01,6.04,5.16,6.04,,,
2017-04-18,15,4.77,6.04,6.04,0,,,
2017-04-18,16,4.68,6.08,6.06,6.06,,,
2017-04-18,17,0,6.06,6.02,6.02,,,
2017-04-18,18,0,0,0,0,,,
2017-04-18,19,2.51,0,0.5,0.5,,,
2017-04-18,20,1.5,0,0,6,,,
2017-04-18,21,0,0,0,0,,,
2017-04-18,22,-0.25,0,0,0,,,
2017-04-18,23,-1.5,-0.5,-0.02,-0.5,,,
2017-04-18,24,-2.5,-0.5,-0.5,-0.5,,,
2017-04-19,1,-3,-3,-3,-3,,,
2017-04-19,2,-3.17,-3,-3,-3,,,
2017-04-19,3,-3.78,-3,-3,-3,,,
2017-04-19,4,-3.42,-3,-3,-3,,,
2017-04-19,5,-3.1,-0.5,-0.5,-0.5,,,
2017-04-19,6,-0.75,0,0,0,,,
2017-04-19,7,0,0,0,0,,,
2017-04-19,8,0,0,0,0,,,
2017-04-19,9,0,0,0,0,,,
2017-04-19,10,0,0,0,0,,,
2017-04-19,11,0,0,0,0,,,
2017-04-19,12,0,0,5.56,5.92,,,
2017-04-19,13,2.46,0,5.92,6.06,,,
2017-04-19,14,5.97,6.04,6.08,5.92,,,
2017-04-19,15,18.37,6.14,7.52,6.04,,,
2017-04-19,16,10.88,5.94,6.04,7.09,,,
2017-04-19,17,2.76,0,5.94,0,,,
2017-04-19,18,-0.52,0,0,0,,,
2017-04-19,19,5.77,0,0,5.96,,,
2017-04-19,20,2.46,35.56,13.01,6.16,,,
2017-04-19,21,3.79,5.96,6.16,5.96,,,
2017-04-19,22,0.59,0,0,5.94,,,
2017-04-19,23,4.16,0,0,0,,,
2017-04-19,24,-0.07,-0.5,0,-0.5,,,
2017-04-20,1,-0.5,-0.5,-0.5,-0.5,,,
2017-04-20,2,-1,-3,-3,-3,,,
2017-04-20,3,-0.77,-0.5,-3,-3,,,
2017-04-20,4,-0.77,-1,-0.5,-0.5,,,
2017-04-20,5,-0.25,5.38,0,0,,,
2017-04-20,6,0,6.14,6.14,0,,,
2017-04-20,7,-0.25,0,0,0,,,
2017-04-20,8,-0.05,0,0,0,,,
2017-04-20,9,0,0,0,0,,,
2017-04-20,10,0,0,0,0,,,
2017-04-20,11,0,6.08,6.16,5.94,,,
2017-04-20,12,5.9,10,13.02,12,,,
2017-04-20,13,1.48,13,13,7.09,,,
2017-04-20,14,5.45,13,13,6.16,,,
2017-04-20,15,6.84,13,13,10.08,,,
2017-04-20,16,47.3,13,13,6.16,,,
2017-04-20,17,87.86,6.08,6.08,5.88,,,
2017-04-20,18,0,0,0,0,,,
2017-04-20,19,0,5.88,0,0,,,
2017-04-20,20,14.24,7.09,12.76,7.09,,,
2017-04-20,21,22.17,6.14,6.16,6.14,,,
2017-04-20,22,98.66,0.02,0.02,5.88,,,
2017-04-20,23,0.99,0,5.88,5.94,,,
2017-04-20,24,-0.27,-0.5,-0.5,-0.5,,,
2017-04-21,1,0,-0.5,-0.5,-0.5,,,
2017-04-21,2,0,-3,-3,-3,,,
2017-04-21,3,-0.78,-0.5,-3,-3,,,
2017-04-21,4,-0.76,-0.5,-0.5,-3,,,
2017-04-21,5,-0.84,0,0,0,,,
2017-04-21,6,1.44,7.09,11.84,6.04,,,
2017-04-21,7,0.93,0,0,0,,,
2017-04-21,8,0,0,0,0,,,
2017-04-21,9,0,0,0,0,,,
2017-04-21,10,0,0,0,0,,,
2017-04-21,11,0,0,5.88,0,,,
2017-04-21,12,0,0,0,0,,,
2017-04-21,13,0,0,0,0,,,
2017-04-21,14,0,0,0,0,,,
2017-04-21,15,0.94,0,0,0,,,
2017-04-21,16,0,0,0,0,,,
2017-04-21,17,0,0,0,0,,,
2017-04-21,18,-0.56,0,0,0,,,
2017-04-21,19,0.45,0,0,0,,,
2017-04-21,20,0,5.88,0,6.04,,,
2017-04-21,21,5.49,6.14,6.88,5.15,,,
2017-04-21,22,12.56,5.94,6.06,6.08,,,
2017-04-21,23,2.6,6.06,6.04,6.04,,,
2017-04-21,24,0,5.88,0,0,,,
2017-04-22,1,-2.67,0,-0.02,-0.5,,,
2017-04-22,2,-0.53,-3,-0.5,-0.5,,,
2017-04-22,3,-3.17,-3,-3,-3,,,
2017-04-22,4,-3.92,-4,-3,-3,,,
2017-04-22,5,-2.27,-3,-0.5,-0.5,,,
2017-04-22,6,-2.25,-0.5,-0.5,-0.5,,,
2017-04-22,7,-1,-0.5,-0.5,-0.5,,,
2017-04-22,8,0,0,0,0,,,
2017-04-22,9,0,0,0,0,,,
2017-04-22,10,-0.71,0,0,0,,,
2017-04-22,11,-1.52,0,0,-0.5,,,
2017-04-22,12,-3,0,0,0,,,
2017-04-22,13,-3.08,0,0,0,,,
2017-04-22,14,-3,-0.5,0,-0.5,,,
2017-04-22,15,-3,-0.5,-0.5,-0.25,,,
2017-04-22,16,-2.25,-0.5,-0.25,-0.25,,,
2017-04-22,17,-1,-0.5,-0.5,0,,,
2017-04-22,18,0.98,0,-0.5,0,,,
2017-04-22,19,1.48,6.04,5.96,5.88,,,
2017-04-22,20,9.42,6.16,7.09,13,,,
2017-04-22,21,5.58,6.04,6.08,6.08,,,
2017-04-22,22,4.98,5.94,6.08,5.88,,,
2017-04-22,23,-0.85,0,0,5.88,,,
2017-04-22,24,-1.04,-3,-0.5,-0.5,,,
2017-04-23,1,-3.52,-4,-4,-4,,,
2017-04-23,2,-4.1,-4.1,-4.1,-4.1,,,
2017-04-23,3,-4.1,-4.1,-4.1,-4.1,,,
2017-04-23,4,-4.11,-4.1,-4.1,-4.1,,,
2017-04-23,5,-4.09,-4,-4,-4,,,
2017-04-23,6,-4,-4,-3,-3,,,
2017-04-23,7,-4.03,-4,-4,-4,,,
2017-04-23,8,-3.08,-0.5,-0.5,-0.5,,,
2017-04-23,9,-3,-0.5,-0.5,-0.5,,,
2017-04-23,10,-3,-0.5,-0.5,-3,,,
2017-04-23,11,-3,-3,-0.5,-3,,,
2017-04-23,12,-3,-3,-3,-3,,,
2017-04-23,13,-3,-3,-3,-3,,,
2017-04-23,14,-3.08,-2,-1,-3,,,
2017-04-23,15,-3.17,-0.5,-0.5,-0.5,,,
2017-04-23,16,-2.59,0,0,-0.5,,,
2017-04-23,17,3.24,5.88,6.04,0,,,
2017-04-23,18,23.37,6.16,6.04,7.09,,,
2017-04-23,19,29.67,6.16,9.04,10,,,
2017-04-23,20,15.28,16.87,13.03,15.12,,,
2017-04-23,21,25.06,13.02,13.02,13.02,,,
2017-04-23,22,16.87,0,0,0,,,
2017-04-23,23,7.01,5.96,5.15,0,,,
2017-04-23,24,3.76,-0.5,-0.5,-3,,,
2017-04-24,1,-0.66,-4,-4,-4.1,,,
2017-04-24,2,-3.53,-4.1,-4.1,-4.1,,,
2017-04-24,3,-4.02,-4,-4.1,-4.1,,,
2017-04-24,4,-3.68,-3,-0.5,-3,,,
2017-04-24,5,-3.6,0,0,0,,,
2017-04-24,6,0.86,6.08,6.08,6.04,,,
2017-04-24,7,0.92,0,0,0,,,
2017-04-24,8,-0.27,0.01,0.01,1,,,
2017-04-24,9,-0.79,0,0,0.01,,,
2017-04-24,10,0,0,0,0,,,
2017-04-24,11,-0.25,0,0,0,,,
2017-04-24,12,-0.54,0,0,0,,,
2017-04-24,13,-2.27,0,0,0,,,
2017-04-24,14,-3,0,0,-0.02,,,
2017-04-24,15,-0.25,0,0.33,0,,,
2017-04-24,16,0,0,0,0,,,
2017-04-24,17,0,0,0,0,,,
2017-04-24,18,0,0,0,0,,,
2017-04-24,19,0,0,0,0,,,
2017-04-24,20,0,0,0,0.01,,,
2017-04-24,21,-1.02,0,0,0,,,
2017-04-24,22,-1.25,0,0,0,,,
2017-04-24,23,-1.77,-0.5,-0.5,-0.5,,,
2017-04-24,24,-3,-3,-3,-3,,,
2017-04-25,1,-3.18,-3,-3,-3,,,
2017-04-25,2,-3.6,-4,-3,-3,,,
2017-04-25,3,-3.43,-4,-3,-3,,,
2017-04-25,4,-3.08,-3,-3,-3,,,
2017-04-25,5,-1.54,-0.5,-0.5,-0.5,,,
2017-04-25,6,-0.25,0,0,0,,,
2017-04-25,7,-0.25,0,0,0,,,
2017-04-25,8,0,0,0,1,,,
2017-04-25,9,0,0,5.97,0,,,
2017-04-25,10,0.5,0,0,0,,,
2017-04-25,11,10.43,0,6.08,6.04,,,
2017-04-25,12,11,0,0,6.04,,,
2017-04-25,13,110.18,5.36,6.06,5.97,,,
2017-04-25,14,36.15,25.6,6.08,2,,,
2017-04-25,15,25.52,12.22,13.79,6.06,,,
2017-04-25,16,15.43,6.06,7.5,13.83,,,
2017-04-25,17,11.69,6.08,6.04,13,,,
2017-04-25,18,2.78,2.22,2.22,5,,,
2017-04-25,19,0,0,5.55,7.5,,,
2017-04-25,20,3.95,6.26,6.26,13.02,,,
2017-04-25,21,0.5,6.06,6.04,6.06,,,
2017-04-25,22,0,0,0,0,,,
2017-04-25,23,0,0,0,6.04,,,
2017-04-25,24,-0.25,0,0,0,,,
2017-04-26,1,-1.8,-0.02,0,-0.25,,,
2017-04-26,2,-0.28,-0.5,-0.25,-0.5,,,
2017-04-26,3,-0.86,-0.5,-0.5,-0.5,,,
2017-04-26,4,-0.5,-0.5,0,-0.5,,,
2017-04-26,5,0,0,0,0,,,
2017-04-26,6,2.02,6.04,6.06,6.08,,,
2017-04-26,7,7.78,6.04,5.97,0,,,
2017-04-26,8,16.24,11.55,12.55,6.08,,,
2017-04-26,9,13.98,13.79,13.83,6.06,,,
2017-04-26,10,11.89,6.08,6.06,13.83,,,
2017-04-26,11,1.51,13.79,13.01,13,,,
2017-04-26,12,0,0,6.06,13,,,
2017-04-26,13,0,0,0,6.1,,,
2017-04-26,14,0,6.04,6.06,1,,,
2017-04-26,15,0,6.06,12.23,1,,,
2017-04-26,16,0,0,5,8.77,,,
2017-04-26,17,2.43,0,0,13,,,
2017-04-26,18,3.46,0,0,0,,,
2017-04-26,19,13.97,13.02,13.41,13.02,,,
2017-04-26,20,13.99,17,17,14.08,,,
2017-04-26,21,3.59,6.06,6.06,6.04,,,
2017-04-26,22,0,0,0,0,,,
2017-04-26,23,-0.25,0,0,0,,,
2017-04-26,24,-2.52,0,0,0,,,
2017-04-27,1,-3,-3,-0.5,-0.5,,,
2017-04-27,2,-3,-3,-3,-1,,,
2017-04-27,3,-3,-3,-3,-3,,,
2017-04-27,4,-3,-3,-3,-3,,,
2017-04-27,5,-3.17,0,0,0,,,
2017-04-27,6,-1.02,0,0,0,,,
2017-04-27,7,-0.25,0,0,0,,,
2017-04-27,8,0,0,0,0,,,
2017-04-27,9,0,0,0,0,,,
2017-04-27,10,0,0,0,0,,,
2017-04-27,11,0,0,0,0,,,
2017-04-27,12,0,0,0,0,,,
2017-04-27,13,2.88,0,0,0,,,
2017-04-27,14,6.08,0,0,0,,,
2017-04-27,15,4.91,0,0,0,,,
2017-04-27,16,1.43,6.04,0,0,,,
2017-04-27,17,0,6.08,13,0,,,
2017-04-27,18,5.74,7.13,8.86,7.78,,,
2017-04-27,19,8.2,0,9.51,6.06,,,
2017-04-27,20,10.7,13,13,13.01,,,
2017-04-27,21,8.81,12,13.01,13,,,
2017-04-27,22,1.75,6.75,6.08,9.25,,,
2017-04-27,23,-0.75,0,0,0,,,
2017-04-27,24,-3.08,0,0,0,,,
2017-04-28,1,-3,-3,-0.5,-0.5,,,
2017-04-28,2,-3,-3,-3,-0.5,,,
2017-04-28,3,-3,-3,-3,-1,,,
2017-04-28,4,-3,-3,-3,-0.5,,,
2017-04-28,5,-0.75,-1,-3,-0.5,,,
2017-04-28,6,-0.5,5.36,0,0,,,
2017-04-28,7,19.35,6.1,6.1,0,,,
2017-04-28,8,15.59,6.08,11.75,12,,,
2017-04-28,9,14.6,6.1,13,6.08,,,
2017-04-28,10,4.21,13,13,13,,,
2017-04-28,11,0,6.1,6.06,0,,,
2017-04-28,12,-2.75,0,5.97,0,,,
2017-04-28,13,0,0,5.36,0,,,
2017-04-28,14,0,0,0,6.06,,,
2017-04-28,15,0,0,0,0,,,
2017-04-28,16,0,0,0,0,,,
2017-04-28,17,0,0,6.06,5.55,,,
2017-04-28,18,0,0,0,5.97,,,
2017-04-28,19,4.98,0,6.02,0,,,
2017-04-28,20,0.87,10,10,13,,,
2017-04-28,21,0,13.83,14.12,10,,,
2017-04-28,22,1.01,5.34,13,6.06,,,
2017-04-28,23,-0.52,0,0,6.04,,,
2017-04-28,24,-2.27,0,0,0,,,
2017-04-29,1,-3.58,-3,-0.5,-0.5,,,
2017-04-29,2,-4,-4,-4,-4,,,
2017-04-29,3,-4.06,-4,-4.1,-4,,,
2017-04-29,4,-4.09,-4.1,-4,-4.2,,,
2017-04-29,5,-4.13,-4.1,-4,-4.1,,,
2017-04-29,6,-4.11,-4,-3,-3,,,
2017-04-29,7,-3.33,-4,-3,-3,,,
2017-04-29,8,-1.07,-0.5,-0.02,-0.5,,,
2017-04-29,9,-0.3,0,0,0,,,
2017-04-29,10,-0.01,0,0,0,,,
2017-04-29,11,-0.78,0,0,0,,,
2017-04-29,12,-2.04,0,0,0,,,
2017-04-29,13,-3,-0.25,0,-0.1,,,
2017-04-29,14,-3,-0.5,-0.5,-0.5,,,
2017-04-29,15,-3,-0.5,-0.5,-0.5,,,
2017-04-29,16,-3,-0.5,-0.5,-0.5,,,
2017-04-29,17,-2,-0.1,-0.1,-0.1,,,
2017-04-29,18,-0.54,0,0,0,,,
2017-04-29,19,1.91,4.88,0,0,,,
2017-04-29,20,10.77,6.06,6.04,6.04,,,
2017-04-29,21,9.3,12.66,6.22,6.06,,,
2017-04-29,22,7.09,6.04,6.04,0,,,
2017-04-29,23,3.65,0,0,0,,,
2017-04-29,24,-3.53,-3,-3,-3,,,
2017-04-30,1,-4.24,-4,-4,-4,,,
2017-04-30,2,-4.43,-4.1,-4.1,-4.1,,,
2017-04-30,3,-4.22,-4.2,-4.2,-4.1,,,
2017-04-30,4,-4.2,-4.2,-4.2,-4.3,,,
2017-04-30,5,-4.2,-4.1,-4.2,-4.1,,,
2017-04-30,6,-4,-4,-3,-4.1,,,
2017-04-30,7,-3,-3,-3,-3,,,
2017-04-30,8,-0.01,-3,-3,-3,,,
2017-04-30,9,0,-3,-3,-3,,,
2017-04-30,10,0,0,-0.02,-3,,,
2017-04-30,11,0,0,0,0,,,
2017-04-30,12,0,0,0,0,,,
2017-04-30,13,0,0,0,0,,,
2017-04-30,14,0,0,0,0,,,
2017-04-30,15,0.43,0,0,0,,,
2017-04-30,16,6.74,0,0,0,,,
2017-04-30,17,6.03,6.04,5.94,0,,,
2017-04-30,18,6.01,6.04,6.04,6.04,,,
2017-04-30,19,4.95,6.04,6.04,6.08,,,
2017-04-30,20,6.05,13,13,13.01,,,
2017-04-30,21,0.41,13,7.09,13,,,
2017-04-30,22,1.96,6.04,7.09,5.15,,,
2017-04-30,23,1.48,0,5.34,0,,,
2017-04-30,24,-3.08,0,-0.1,-3,,,
2017-05-01,1,-2.77,-3,-3,-3,,,
2017-05-01,2,-2.54,-3,-3,-3,,,
2017-05-01,3,-3,-3,-3,-3,,,
2017-05-01,4,-3,-3,-3,-3,,,
2017-05-01,5,-2.93,-3,-3,-3,,,
2017-05-01,6,0,0,0,0,,,
2017-05-01,7,0,0,0,0,,,
2017-05-01,8,0,0,0,0,,,
2017-05-01,9,5.95,0,0,0,,,
2017-05-01,10,1.99,0,0,0,,,
2017-05-01,11,108.61,5.38,5.9,0,,,
2017-05-01,12,281.47,6.1,5.96,5.9,,,
2017-05-01,13,174.42,13,6.1,6.06,,,
2017-05-01,14,100.52,6.16,8.86,6.16,,,
2017-05-01,15,0,13.03,6.06,11.68,,,
2017-05-01,16,0,6.06,6.08,6.08,,,
2017-05-01,17,4.68,6.08,13.03,13.03,,,
2017-05-01,18,0,5.9,6.06,6.12,,,
2017-05-01,19,0,5.96,5.9,5.98,,,
2017-05-01,20,0,5.9,5,6.06,,,
2017-05-01,21,0,0,0,0,,,
2017-05-01,22,-0.01,0,0,0,,,
2017-05-01,23,-2.02,-0.02,-0.02,-3,,,
2017-05-01,24,-3.17,-3,-3,-3,,,
2017-05-02,1,-4.18,-3,-3,-3,,,
2017-05-02,2,-4.23,-4.1,-4,-4,,,
2017-05-02,3,-4.3,-4.1,-4.1,-4,,,
2017-05-02,4,-4.4,-4.1,-4.1,-4,,,
2017-05-02,5,-4.01,-3,-3,-3,,,
2017-05-02,6,-2.26,0,0,0,,,
2017-05-02,7,-2.06,0,0,0,,,
2017-05-02,8,-3,-0.01,0,0,,,
2017-05-02,9,0,0,0,0,,,
2017-05-02,10,-0.81,0,0,0,,,
2017-05-02,11,-0.36,0,0,0,,,
2017-05-02,12,-1.09,0,0,0,,,
2017-05-02,13,-0.33,-0.01,0,0,,,
2017-05-02,14,-2.52,-0.01,0,0,,,
2017-05-02,15,-1.03,-0.01,0,0,,,
2017-05-02,16,-0.01,0,0,0,,,
2017-05-02,17,0,0,0,0,,,
2017-05-02,18,0,0,0,0,,,
2017-05-02,19,0,0,0,0,,,
2017-05-02,20,0,0,0,5.96,,,
2017-05-02,21,0,0,0,0,,,
2017-05-02,22,-0.28,0,0,0,,,
2017-05-02,23,-1.54,-3,-3,-0.1,,,
2017-05-02,24,-2.54,-3,-3,-3,,,
2017-05-03,1,-3.67,-3.01,-3,-3,,,
2017-05-03,2,-4.03,-3,-3,-4,,,
2017-05-03,3,-4,-4,-3,-4,,,
2017-05-03,4,-3.75,-4,-3,-3,,,
2017-05-03,5,-1.27,0,0,-0.02,,,
2017-05-03,6,7.51,6.1,11,6.08,,,
2017-05-03,7,20.12,0,5.9,6.06,,,
2017-05-03,8,8.28,6.08,5,6.06,,,
2017-05-03,9,1.39,6.06,6.12,0,,,
2017-05-03,10,0.24,0,1.11,5.16,,,
2017-05-03,11,0,2,2,5.96,,,
2017-05-03,12,6.59,0,5.16,5.96,,,
2017-05-03,13,-3,-0.01,0,5.96,,,
2017-05-03,14,-1.25,0,0,0,,,
2017-05-03,15,-3,-0.01,0,6.08,,,
2017-05-03,16,-1.7,0,5,13,,,
2017-05-03,17,4.3,5.9,6.16,13,,,
2017-05-03,18,9.56,6.08,6.08,13.02,,,
2017-05-03,19,6.68,15.29,14.52,13,,,
2017-05-03,20,8.89,25,25,33.26,,,
2017-05-03,21,10.69,14.16,15.83,18,,,
2017-05-03,22,10.65,6.56,12,13.01,,,
2017-05-03,23,11.93,6.06,6.06,5.98,,,
2017-05-03,24,7.76,6.06,6.06,6,,,
2017-05-04,1,5.41,-1,5.9,3.13,,,
2017-05-04,2,-1.29,-4,-3,-1,,,
2017-05-04,3,0.45,-3,-3,-3,,,
2017-05-04,4,-0.04,-3,-3,-3,,,
2017-05-04,5,4.5,5.96,0,0,,,
2017-05-04,6,5.68,12.94,12.94,6.06,,,
2017-05-04,7,22.56,6.57,6.16,5.96,,,
2017-05-04,8,20.84,6.16,6.79,6.18,,,
2017-05-04,9,23.3,6.1,4.93,6.1,,,
2017-05-04,10,15.86,13.02,6.18,5.2,,,
2017-05-04,11,8.91,0.01,1.02,13,,,
2017-05-04,12,7.85,5.96,0,5.96,,,
2017-05-04,13,7.16,5.39,0,0,,,
2017-05-04,14,16.44,6.06,5.96,0,,,
2017-05-04,15,11.87,6.1,6.08,6.06,,,
2017-05-04,16,7.61,6.08,6.06,6.1,,,
2017-05-04,17,6.03,6.06,6.08,6.1,,,
2017-05-04,18,0,0,0,0,,,
2017-05-04,19,0,0,0,0,,,
2017-05-04,20,5.98,5.96,5.96,5.9,,,
2017-05-04,21,7.99,5.98,6.06,0,,,
2017-05-04,22,7.86,11.88,6.06,5.98,,,
2017-05-04,23,-1.25,0,0,0,,,
2017-05-04,24,-2.51,-3,-3,-3,,,
2017-05-05,1,-3.17,-4,-3,-3,,,
2017-05-05,2,-4.03,-4.1,-4.1,-4,,,
2017-05-05,3,-4.06,-4.1,-4.1,-4.4,,,
2017-05-05,4,-4,-4.1,-4.1,-4.1,,,
2017-05-05,5,-2.75,-3,-3,-3,,,
2017-05-05,6,-0.51,0,0,0,,,
2017-05-05,7,-0.01,0,0,0,,,
2017-05-05,8,0,-0.01,-0.01,0,,,
2017-05-05,9,0,0,-0.01,-0.01,,,
2017-05-05,10,0,0,0,-0.01,,,
2017-05-05,11,0,0,0,0,,,
2017-05-05,12,0,0,0,0,,,
2017-05-05,13,0,0,0,0,,,
2017-05-05,14,0,0,0,0,,,
2017-05-05,15,0,0,0,0,,,
2017-05-05,16,0,0,0,0,,,
2017-05-05,17,0,0,0,0,,,
2017-05-05,18,-0.06,0,0,0,,,
2017-05-05,19,0,0,0,0,,,
2017-05-05,20,0,0,0,0,,,
2017-05-05,21,-0.77,0,0,0,,,
2017-05-05,22,-0.77,0,0,0,,,
2017-05-05,23,-2.01,-3,-3,-3,,,
2017-05-05,24,-3,-3,-3,-3,,,
2017-05-06,1,-4.08,-4.1,-4.1,-4.1,,,
2017-05-06,2,-4.17,-4.1,-4.2,-4.2,,,
2017-05-06,3,-4.2,-4.2,-4.2,-4.2,,,
2017-05-06,4,-4.2,-4.2,-4.2,-4.2,,,
2017-05-06,5,-4.16,-4.2,-4.1,-4.1,,,
2017-05-06,6,-3.58,-4,-4,-4,,,
2017-05-06,7,-3.34,-4,-4,-4,,,
2017-05-06,8,-0.75,-3,-3,-3,,,
2017-05-06,9,0,-3,-3,-3,,,
2017-05-06,10,0,0,-3,-3,,,
2017-05-06,11,0,0,0,-3,,,
2017-05-06,12,0,0,0,0,,,
2017-05-06,13,0,0,0,0,,,
2017-05-06,14,0,0,0,0,,,
2017-05-06,15,-0.01,0,0,0,,,
2017-05-06,16,-0.01,0,0,0,,,
2017-05-06,17,0,0,0,0,,,
2017-05-06,18,0,0,0,0,,,
2017-05-06,19,0,0,0,0,,,
2017-05-06,20,4.74,0,0,0,,,
2017-05-06,21,8.34,0,0,0,,,
2017-05-06,22,0.99,0,0,0,,,
2017-05-06,23,-0.51,0,0,0,,,
2017-05-06,24,-2.27,-3,-1,-3,,,
2017-05-07,1,-2.75,-3,-3,-3,,,
2017-05-07,2,-3,-3,-3,-3,,,
2017-05-07,3,-3,-3,-3,-3,,,
2017-05-07,4,-3,-3,-3,-3,,,
2017-05-07,5,-2.03,-3,-3,-3,,,
2017-05-07,6,-3,-3,-3,-3,,,
2017-05-07,7,-3,-3,-3,-3,,,
2017-05-07,8,-2.27,-3,-3,-3,,,
2017-05-07,9,-3,0,-0.02,0,,,
2017-05-07,10,-3,-3,0,0,,,
2017-05-07,11,-3,-3,-0.02,0,,,
2017-05-07,12,-0.56,-3,-3,-0.02,,,
2017-05-07,13,-2.51,-3,-3,-3,,,
2017-05-07,14,-3,-3,-3,-3,,,
2017-05-07,15,-3,-3,-1,-3,,,
2017-05-07,16,-2.25,0,0,0,,,
2017-05-07,17,-0.25,0,0,0,,,
2017-05-07,18,0,0,0,0,,,
2017-05-07,19,4.45,5.94,6.02,6.04,,,
2017-05-07,20,13.89,6.02,6.03,13,,,
2017-05-07,21,57.44,6.12,6.06,12.04,,,
2017-05-07,22,18.31,6.12,6.02,6.02,,,
2017-05-07,23,2.51,5.94,5.32,0,,,
2017-05-07,24,0,0,0,0,,,
2017-05-08,1,-0.27,-3,-0.1,-0.25,,,
2017-05-08,2,0,-3,-3,-3,,,
2017-05-08,3,-0.25,-3,-3,-3,,,
2017-05-08,4,0,0,0,-3,,,
2017-05-08,5,3.49,6.04,6.04,5.92,,,
2017-05-08,6,3.69,14.33,13,7.07,,,
2017-05-08,7,12.32,6.33,6.33,6.06,,,
2017-05-08,8,2.48,6.12,6.14,13.01,,,
2017-05-08,9,0.44,6.14,7,6.02,,,
2017-05-08,10,-2.25,0,0,0,,,
2017-05-08,11,-3,0,0,5.87,,,
2017-05-08,12,-3,-0.01,0,5.87,,,
2017-05-08,13,-2.75,0,0,0,,,
2017-05-08,14,-3,0,0,0,,,
2017-05-08,15,-2.75,0,0,0,,,
2017-05-08,16,0,0,0,0,,,
2017-05-08,17,0.96,0,0,0,,,
2017-05-08,18,3.46,6.14,0,0,,,
2017-05-08,19,26.92,7,13.01,7,,,
2017-05-08,20,26.92,14.36,13.01,14.36,,,
2017-05-08,21,44.79,34.78,32.56,36.74,,,
2017-05-08,22,21.43,14.56,14.41,14.33,,,
2017-05-08,23,9.58,13.02,13.02,13.02,,,
2017-05-08,24,12.26,6.06,7.07,14.31,,,
2017-05-09,1,11.07,6.02,6.02,6.14,,,
2017-05-09,2,9.17,6.03,6.02,6.02,,,
2017-05-09,3,6.96,5.94,6.02,5.94,,,
2017-05-09,4,9.1,6.02,6.02,6.06,,,
2017-05-09,5,6.78,13.02,13.01,13.01,,,
2017-05-09,6,11.67,22.56,14.4,14.36,,,
2017-05-09,7,26.7,20,20,23.92,,,
2017-05-09,8,19.66,24.76,24.76,26.8,,,
2017-05-09,9,12.49,20.86,20.87,21.28,,,
2017-05-09,10,21.57,27.07,19,19.05,,,
2017-05-09,11,29.59,30.83,30.83,13.01,,,
2017-05-09,12,21.83,19.53,21.55,24.39,,,
2017-05-09,13,8.92,16.42,11.22,14.37,,,
2017-05-09,14,11.13,7.07,7.07,12,,,
2017-05-09,15,22.28,7.07,10,13,,,
2017-05-09,16,28.23,6.06,6.06,13,,,
2017-05-09,17,27.01,20.33,14.4,13.01,,,
2017-05-09,18,20.97,14.37,14.41,13.02,,,
2017-05-09,19,22.27,21.86,18.19,16.44,,,
2017-05-09,20,36.47,41.57,40.7,33.64,,,
2017-05-09,21,27.44,23.57,18.56,22.06,,,
2017-05-09,22,10.8,14.37,14.35,13.02,,,
2017-05-09,23,5.38,5.94,5.94,6.12,,,
2017-05-09,24,2.73,5.87,0,0,,,
2017-05-10,1,-0.5,0,0,-0.02,,,
2017-05-10,2,-2.08,-3,-3,-3,,,
2017-05-10,3,-2.29,-3,-3,-3,,,
2017-05-10,4,-2.29,-3,-3,-3,,,
2017-05-10,5,0.92,6.06,6.02,5.87,,,
2017-05-10,6,3.17,13,13,13,,,
2017-05-10,7,10.97,6.14,7,6.03,,,
2017-05-10,8,2.71,6.06,6.06,6.12,,,
2017-05-10,9,2.5,5.87,6.02,0,,,
2017-05-10,10,-0.02,0,-0.01,-0.01,,,
2017-05-10,11,9.52,6.02,6.02,-0.01,,,
2017-05-10,12,6.14,13.01,6.12,6.02,,,
2017-05-10,13,2.86,13.01,13.01,7.07,,,
2017-05-10,14,5.94,13,13,10.1,,,
2017-05-10,15,6.02,13,7.07,6.14,,,
2017-05-10,16,7.63,13.01,13.01,8.47,,,
2017-05-10,17,14.55,13.01,13.01,13.01,,,
2017-05-10,18,6.34,13.02,6.06,5.87,,,
2017-05-10,19,23.46,13.02,13.75,6.14,,,
2017-05-10,20,18.88,13.01,13.01,13.02,,,
2017-05-10,21,19.27,13.01,7.07,5.94,,,
2017-05-10,22,9.36,10.5,6.06,7.07,,,
2017-05-10,23,6.99,6.06,6.02,0,,,
2017-05-10,24,-0.8,0,0,0,,,
2017-05-11,1,-3,-3,-1,-3,,,
2017-05-11,2,-3,-3,-3,-3,,,
2017-05-11,3,-2.31,-3,-3,-3,,,
2017-05-11,4,-3.42,-3,-3,-3,,,
2017-05-11,5,-2.28,0,0,0,,,
2017-05-11,6,2.49,0,4.86,0,,,
2017-05-11,7,6.53,0,0,0,,,
2017-05-11,8,2.25,0,0,-0.01,,,
2017-05-11,9,0,0,0,-0.02,,,
2017-05-11,10,0,0,0,-0.01,,,
2017-05-11,11,6,6.14,5.92,0,,,
2017-05-11,12,8.51,13,13,0,,,
2017-05-11,13,13.75,13.01,13.01,13,,,
2017-05-11,14,14.36,13,13.01,13,,,
2017-05-11,15,5.72,13.01,13.01,13,,,
2017-05-11,16,5.92,13,13.01,13.01,,,
2017-05-11,17,6.74,12.95,13,13,,,
2017-05-11,18,8.48,6.06,13.02,7.07,,,
2017-05-11,19,10.21,6.12,7.07,13.02,,,
2017-05-11,20,9.69,14.34,14.35,14.33,,,
2017-05-11,21,13.14,13,14.35,14.33,,,
2017-05-11,22,8.48,7.07,6.12,13,,,
2017-05-11,23,12.12,6.02,7,5.94,,,
2017-05-11,24,5.78,0,5.87,0,,,
2017-05-12,1,-1.88,-0.02,0,-0.1,,,
2017-05-12,2,-1.36,-3,-3,-3,,,
2017-05-12,3,-2.76,-3,-3,-3,,,
2017-05-12,4,-0.05,-3,-3,-3,,,
2017-05-12,5,-0.25,5.13,0.02,0,,,
2017-05-12,6,4.22,7.07,6.06,5.94,,,
2017-05-12,7,8.74,14.3,14.31,5.92,,,
2017-05-12,8,8.64,14.36,14.36,13.02,,,
2017-05-12,9,6.96,14.35,14.35,6.14,,,
2017-05-12,10,2.36,7.07,13.02,13.02,,,
2017-05-12,11,2.6,10.51,10.5,13,,,
2017-05-12,12,3.88,13,13.01,6.02,,,
2017-05-12,13,0.98,7.07,13.01,13,,,
2017-05-12,14,-1,6.14,7.07,5.92,,,
2017-05-12,15,-0.75,0,5.92,-3,,,
2017-05-12,16,4.89,6,6.02,1.01,,,
2017-05-12,17,4.03,6.06,10,6.02,,,
2017-05-12,18,-0.76,4.04,5.92,1,,,
2017-05-12,19,3.95,6.14,7.07,6.02,,,
2017-05-12,20,4.85,13.02,13.02,6.06,,,
2017-05-12,21,4.93,13.02,14.34,13.02,,,
2017-05-12,22,8.18,13.01,13.01,13.01,,,
2017-05-12,23,7.81,-0.02,0,0,,,
2017-05-12,24,-3.3,0,-4,-4.1,,,
2017-05-13,1,-1.27,-3,-4,-4.4,,,
2017-05-13,2,-4.13,-4.2,-4.2,-4.2,,,
2017-05-13,3,-4.2,-4.4,-4.4,-4.4,,,
2017-05-13,4,-4.2,-4.4,-4.4,-4.4,,,
2017-05-13,5,-4.15,-4.2,-4.2,-4.4,,,
2017-05-13,6,0.46,-4,-4,-4.4,,,
2017-05-13,7,3.14,-3,-3,-4,,,
2017-05-13,8,12.35,6.12,6.06,-3,,,
2017-05-13,9,5.39,13,7.07,1,,,
2017-05-13,10,5.92,7,10.5,6.02,,,
2017-05-13,11,4.51,6.02,6.14,6.14,,,
2017-05-13,12,3.94,5.94,6.02,5.94,,,
2017-05-13,13,-0.53,0,0,-1,,,
2017-05-13,14,-1.75,0,0,-3,,,
2017-05-13,15,-2.26,0,0,0,,,
2017-05-13,16,-0.77,0,0,0,,,
2017-05-13,17,3.98,5.94,5.87,4.89,,,
2017-05-13,18,5.01,5.94,6.02,1.5,,,
2017-05-13,19,5.18,5.94,5.87,5.92,,,
2017-05-13,20,6.88,6.12,6.06,5.94,,,
2017-05-13,21,7.96,7,7,5.94,,,
2017-05-13,22,2.72,6.02,5.94,0,,,
2017-05-13,23,-2,0,0,-3,,,
2017-05-13,24,-3.35,-4,-4,-4,,,
2017-05-14,1,-4.2,-4.4,-4.4,-4.4,,,
2017-05-14,2,-4.43,-4.5,-4.5,-4.5,,,
2017-05-14,3,-4.5,-4.5,-4.5,-4.8,,,
2017-05-14,4,-4.5,-4.5,-4.5,-4.8,,,
2017-05-14,5,-4.43,-4.4,-4.5,-4.8,,,
2017-05-14,6,-4.43,-4.4,-4.5,-4.8,,,
2017-05-14,7,-4.12,-4,-4.2,-4.4,,,
2017-05-14,8,-1,-3,-3,-4,,,
2017-05-14,9,0,-3,-3,-3,,,
2017-05-14,10,-3,-3,-3,-3,,,
2017-05-14,11,-3,-3,-3,-3,,,
2017-05-14,12,-3.42,-3,-3,-3,,,
2017-05-14,13,-4,-3,-3,-3,,,
2017-05-14,14,-4.28,-4.2,-4,-4,,,
2017-05-14,15,-4.22,-4,-4,-3,,,
2017-05-14,16,-3.77,-3,-3,-3,,,
2017-05-14,17,-3.33,-3,-3,-3,,,
2017-05-14,18,-3,-3,-3,-3,,,
2017-05-14,19,-1.5,-0.1,-3,-0.1,,,
2017-05-14,20,1.47,0,0,0,,,
2017-05-14,21,6.25,0,0,0,,,
2017-05-14,22,3.01,0,0,0,,,
2017-05-14,23,-1.73,-3,-3,-3,,,
2017-05-14,24,-3.52,-3,-3,-4,,,
2017-05-15,1,-4.27,-4.4,-4.4,-4.5,,,
2017-05-15,2,-4.4,-4.5,-4.5,-4.8,,,
2017-05-15,3,-4.46,-4.8,-4.8,-4.5,,,
2017-05-15,4,-4.47,-4.5,-4.5,-4.5,,,
2017-05-15,5,-3.3,-4,-4,-3,,,
2017-05-15,6,0.34,6.02,0,0,,,
2017-05-15,7,7.19,13.02,14.3,0,,,
2017-05-15,8,6.96,6.06,7,13.01,,,
2017-05-15,9,0.89,5.38,5.87,5.92,,,
2017-05-15,10,-1.77,0,0,-0.01,,,
2017-05-15,11,5.94,7.07,6.12,6.02,,,
2017-05-15,12,14.35,13,13,6.04,,,
2017-05-15,13,2.83,6.04,6.04,0,,,
2017-05-15,14,0.41,5.92,6.02,0,,,
2017-05-15,15,0,5.38,5.87,5.87,,,
2017-05-15,16,1.67,5.38,0,1.01,,,
2017-05-15,17,4.48,5.92,6.02,7.07,,,
2017-05-15,18,7.35,6.12,6.02,6.02,,,
2017-05-15,19,20.73,6.12,6.06,6.06,,,
2017-05-15,20,20.78,14.35,13.01,13.02,,,
2017-05-15,21,109.68,13,13,13.02,,,
2017-05-15,22,35.06,13,7.07,7,,,
2017-05-15,23,3.97,0,5.87,-3,,,
2017-05-15,24,-2.04,-3,-3,-4,,,
2017-05-16,1,-4.08,-4.2,-4.4,-4.2,,,
2017-05-16,2,-4.38,-4.4,-4.4,-4.5,,,
2017-05-16,3,-4.41,-4.4,-4.4,-4.5,,,
2017-05-16,4,-4.32,-4.4,-4.4,-4.4,,,
2017-05-16,5,-3.83,-4,-4,-4.2,,,
2017-05-16,6,-0.85,-3,-3,-3,,,
2017-05-16,7,0.44,0,0,0,,,
2017-05-16,8,0,0,0,0,,,
2017-05-16,9,0,0,0,-0.01,,,
2017-05-16,10,0,0,0,-0.01,,,
2017-05-16,11,0.49,0,0,0,,,
2017-05-16,12,0,0,5.87,0,,,
2017-05-16,13,0,5.92,0,0,,,
2017-05-16,14,0,0,6.02,0,,,
2017-05-16,15,0,5.92,5.87,0,,,
2017-05-16,16,0,0,0,0,,,
2017-05-16,17,0,0,0,0,,,
2017-05-16,18,0,0,0,0,,,
2017-05-16,19,5.5,0,0,0,,,
2017-05-16,20,7.42,0,5.92,0,,,
2017-05-16,21,0.94,0,0,0,,,
2017-05-16,22,-0.03,0,0,0,,,
2017-05-16,23,-0.04,-3,-3,-3,,,
2017-05-16,24,-2.77,-3,-3,-3,,,
2017-05-17,1,-3,-3,-4.2,-4.4,,,
2017-05-17,2,-3.95,-3,-4,-4.4,,,
2017-05-17,3,-4.23,-4,-4,-4,,,
2017-05-17,4,-4.27,-4,-4,-3,,,
2017-05-17,5,-3.5,-3,-3,-3,,,
2017-05-17,6,-3.17,-3,-3,-3,,,
2017-05-17,7,-3,-0.01,0,0,,,
2017-05-17,8,-3,0,0,0,,,
2017-05-17,9,-3,0,0,0,,,
2017-05-17,10,-0.31,-0.01,0,0,,,
2017-05-17,11,0,0,0,0,,,
2017-05-17,12,0,0,0,0,,,
2017-05-17,13,0,0,0,0,,,
2017-05-17,14,0,0,0,0,,,
2017-05-17,15,0,0,0,0,,,
2017-05-17,16,0,0,0,0,,,
2017-05-17,17,3.49,0,0,5.38,,,
2017-05-17,18,0.49,5.87,5.87,5.92,,,
2017-05-17,19,9.96,7.07,7.07,7.07,,,
2017-05-17,20,9.57,10.58,13.02,13.02,,,
2017-05-17,21,6.11,13.02,12.66,7,,,
2017-05-17,22,2.52,0,0,5.87,,,
2017-05-17,23,0,0,0,0,,,
2017-05-17,24,-0.04,-3,-3,-3,,,
2017-05-18,1,-2.93,-4,-3,-3,,,
2017-05-18,2,-4.27,-4,-4.2,-3,,,
2017-05-18,3,-4.45,-4.5,-4.4,-4.2,,,
2017-05-18,4,-4.38,-4.2,-4.4,-4.2,,,
2017-05-18,5,-4.08,-3,-3,-3,,,
2017-05-18,6,-3.37,-0.02,-0.02,-3,,,
2017-05-18,7,-0.76,-0.02,-0.02,-0.02,,,
2017-05-18,8,-3,-3,-0.02,-0.02,,,
2017-05-18,9,-1.79,-0.02,-0.02,-0.02,,,
2017-05-18,10,0,-0.02,-0.01,-0.02,,,
2017-05-18,11,0,0,0,0,,,
2017-05-18,12,-0.01,0,0,0,,,
2017-05-18,13,-0.01,0,0,0,,,
2017-05-18,14,0,0,0,0,,,
2017-05-18,15,0,0,0,0,,,
2017-05-18,16,0,0,0,5.31,,,
2017-05-18,17,0,0,0,5.87,,,
2017-05-18,18,0,5.38,5.92,5.92,,,
2017-05-18,19,0,5.36,5.92,6.02,,,
2017-05-18,20,0,6.12,10.58,13.02,,,
2017-05-18,21,0.49,6.12,10.5,6.12,,,
2017-05-18,22,3.97,6.02,6.02,5.92,,,
2017-05-18,23,-0.25,0,0,0,,,
2017-05-18,24,-1.33,-3,-3,-3,,,
2017-05-19,1,-4.3,-3,-3,-3,,,
2017-05-19,2,-4.37,-4.2,-4.2,-4,,,
2017-05-19,3,-4.49,-4.5,-4.5,-4.2,,,
2017-05-19,4,-4.4,-4.4,-4.5,-4.4,,,
2017-05-19,5,-4,-3,-3,-3,,,
2017-05-19,6,-3.58,0,0,0,,,
2017-05-19,7,-0.5,-0.01,-0.01,-0.01,,,
2017-05-19,8,-3,0,0,0,,,
2017-05-19,9,-3,5.69,0,0,,,
2017-05-19,10,-3,-0.01,5.88,0,,,
2017-05-19,11,0,0,0,6.62,,,
2017-05-19,12,-0.26,0,0,0,,,
2017-05-19,13,-3,0,0,0,,,
2017-05-19,14,-3,-3,-0.25,-3,,,
2017-05-19,15,-3,-3,-3,-3,,,
2017-05-19,16,-3,-3,-3,-3,,,
2017-05-19,17,-3,0,0,-0.25,,,
2017-05-19,18,-3,0,0,-0.01,,,
2017-05-19,19,0,5.32,5.98,0,,,
2017-05-19,20,0,0,5.9,5.88,,,
2017-05-19,21,3.82,5.3,5.98,5.3,,,
2017-05-19,22,2.48,0,0,0,,,
2017-05-19,23,-2.27,-3,-1,-3,,,
2017-05-19,24,-3.8,-4,-3,-3,,,
2017-05-20,1,-4.35,-4.4,-4.2,-4.2,,,
2017-05-20,2,-4.48,-4.5,-4.4,-4.4,,,
2017-05-20,3,-4.53,-4.5,-4.5,-4.5,,,
2017-05-20,4,-4.83,-4.8,-4.5,-4.5,,,
2017-05-20,5,-4.92,-4.9,-4.5,-4.5,,,
2017-05-20,6,-5.74,-4.9,-4.9,-4.8,,,
2017-05-20,7,-4.6,-4.5,-4.5,-4.5,,,
2017-05-20,8,-4.46,-4,-4.2,-4,,,
2017-05-20,9,-4.2,-3,-3,-4,,,
2017-05-20,10,-4.17,-4,-3,-3,,,
2017-05-20,11,-4,-3,-3,-3,,,
2017-05-20,12,-4.17,-3,-3,-4.2,,,
2017-05-20,13,-4.23,-4,-4,-4.2,,,
2017-05-20,14,-4.4,-4.2,-4,-4.4,,,
2017-05-20,15,-4.4,-4.4,-4.2,-4.5,,,
2017-05-20,16,-4.12,-4.2,-4,-4.4,,,
2017-05-20,17,-3.08,-3,-3,-3,,,
2017-05-20,18,-3,-3,-3,-3,,,
2017-05-20,19,-3,-3,-3,-3,,,
2017-05-20,20,-2.77,-3,-3,-3,,,
2017-05-20,21,-3,-3,-3,-3,,,
2017-05-20,22,-3,-3,-3,-3,,,
2017-05-20,23,-4.1,-4.2,-3,-4,,,
2017-05-20,24,-4.36,-4.2,-4.2,-4.2,,,
2017-05-21,1,-4.47,-4.5,-4.4,-4.5,,,
2017-05-21,2,-4.88,-4.9,-4.9,-4.8,,,
2017-05-21,3,-4.9,-4.9,-4.9,-4.9,,,
2017-05-21,4,-4.9,-4.9,-5,-5,,,
2017-05-21,5,-4.88,-4.9,-4.8,-4.9,,,
2017-05-21,6,-4.83,-4.8,-4.8,-4.8,,,
2017-05-21,7,-4.44,-4.5,-4.5,-4.5,,,
2017-05-21,8,-3.8,-4.2,-4.2,-4.2,,,
2017-05-21,9,-3,-3,-3,-4,,,
2017-05-21,10,-1.29,-3,-3,-3,,,
2017-05-21,11,0,-3,-3,-4,,,
2017-05-21,12,0,-3,-3,-4,,,
2017-05-21,13,0,-3,-3,-4,,,
2017-05-21,14,-0.03,-3,-3,-3,,,
2017-05-21,15,-0.03,-3,-3,-3,,,
2017-05-21,16,-0.02,-3,-3,-3,,,
2017-05-21,17,0,0,0,0,,,
2017-05-21,18,-0.28,0,0,0,,,
2017-05-21,19,-2.54,0,0,0,,,
2017-05-21,20,-2.77,0,0,0,,,
2017-05-21,21,-1.53,0,0,0,,,
2017-05-21,22,-3.33,-3,-3,-3,,,
2017-05-21,23,-4.08,-4,-3,-4,,,
2017-05-21,24,-4.45,-4.4,-4.4,-4.4,,,
2017-05-22,1,-4.8,-4.9,-4.8,-4.9,,,
2017-05-22,2,-4.84,-5,-4.9,-5,,,
2017-05-22,3,-4.9,-5,-5,-5,,,
2017-05-22,4,-4.86,-5,-5,-5,,,
2017-05-22,5,-4.55,-4.9,-4.9,-4.9,,,
2017-05-22,6,-4.5,-4.8,-4.8,-4.8,,,
2017-05-22,7,-4.34,-4.5,-4.5,-4.5,,,
2017-05-22,8,-3.58,-4.2,-4.2,-4.4,,,
2017-05-22,9,-3,-4,-4,-4,,,
2017-05-22,10,-2.76,-3,-3,-3,,,
2017-05-22,11,-3,-3,-3,-3,,,
2017-05-22,12,-3,-3,-3,-3,,,
2017-05-22,13,-3,-3,-3,-3,,,
2017-05-22,14,-4.12,-4,-4,-3,,,
2017-05-22,15,-4.2,-4,-4,-4,,,
2017-05-22,16,-4.23,-4,-3,-4,,,
2017-05-22,17,-3.17,-3,-3,-3,,,
2017-05-22,18,-3,-3,-3,-3,,,
2017-05-22,19,-0.77,-0.02,-0.01,-3,,,
2017-05-22,20,0,-0.01,-0.01,0,,,
2017-05-22,21,0,0,0,0,,,
2017-05-22,22,0.19,0,0,0,,,
2017-05-22,23,-1.19,-3,-3,-3,,,
2017-05-22,24,-4.27,-4.2,-4.2,-4.2,,,
2017-05-23,1,-4.3,-4.4,-4.4,-4.4,,,
2017-05-23,2,-4.55,-4.5,-4.5,-4.5,,,
2017-05-23,3,-4.58,-4.5,-4.5,-4.5,,,
2017-05-23,4,-4.4,-4.4,-4.4,-4.4,,,
2017-05-23,5,-4,-3,-3,-3,,,
2017-05-23,6,-2.91,0,0,0,,,
2017-05-23,7,1.9,0,0,0,,,
2017-05-23,8,2.33,0,0,0,,,
2017-05-23,9,8.79,0,5.71,5.85,,,
2017-05-23,10,10.51,0,0,5.71,,,
2017-05-23,11,22.24,6.1,6.02,5.9,,,
2017-05-23,12,14.34,13,6.02,6,,,
2017-05-23,13,14.35,7,13,5.9,,,
2017-05-23,14,14.38,7.05,6.03,7.05,,,
2017-05-23,15,16.76,13,7,6,,,
2017-05-23,16,15.65,13.01,13.01,13,,,
2017-05-23,17,22.98,13,13.01,13.01,,,
2017-05-23,18,13.73,13.01,7,13.01,,,
2017-05-23,19,14.17,13.01,13.01,13.01,,,
2017-05-23,20,3.38,14.31,13.01,13.02,,,
2017-05-23,21,4.94,13.02,13.02,13.02,,,
2017-05-23,22,5.36,6,7.05,13.02,,,
2017-05-23,23,1.43,0,0,6.1,,,
2017-05-23,24,-2.28,-0.1,-3,0,,,
2017-05-24,1,-3.78,-3,-3,-3,,,
2017-05-24,2,-4.28,-4.2,-4,-4.2,,,
2017-05-24,3,-4.4,-4.4,-4.2,-4.2,,,
2017-05-24,4,-4.4,-4.2,-4.2,-4.4,,,
2017-05-24,5,-3.82,-4,-3,-3,,,
2017-05-24,6,-1.54,-3,-0.25,0,,,
2017-05-24,7,6.38,0,0,4.89,,,
2017-05-24,8,3.26,6.12,6.02,6.02,,,
2017-05-24,9,3.02,0,6.02,6.02,,,
2017-05-24,10,2.28,0,5.87,6.02,,,
2017-05-24,11,8.42,7.07,7,6.12,,,
2017-05-24,12,13.4,6.12,7,6.02,,,
2017-05-24,13,10.7,7,7,6.14,,,
2017-05-24,14,5.46,5.92,5.87,0,,,
2017-05-24,15,4.85,0,5.05,5.92,,,
2017-05-24,16,3.9,0,0,7,,,
2017-05-24,17,9.65,3.16,6.14,6.14,,,
2017-05-24,18,1.32,0,0,6.03,,,
2017-05-24,19,2.93,5.87,3.16,0,,,
2017-05-24,20,8.22,0,5.87,3.16,,,
2017-05-24,21,1,0,0,6.03,,,
2017-05-24,22,-0.79,0,0,-1,,,
2017-05-24,23,-3.43,-3,-3,-3,,,
2017-05-24,24,-4.2,-4.2,-4.2,-4.2,,,
2017-05-25,1,-4.35,-4.4,-4.4,-4.2,,,
2017-05-25,2,-4.53,-4.4,-4.5,-4.5,,,
2017-05-25,3,-4.58,-4.8,-4.5,-4.8,,,
2017-05-25,4,-4.6,-4.8,-4.8,-4.5,,,
2017-05-25,5,-4.12,-4,-4,-4,,,
2017-05-25,6,-3.32,-1,-3,-3,,,
2017-05-25,7,-0.51,-0.02,-0.25,-3,,,
2017-05-25,8,2.48,0,0,0,,,
2017-05-25,9,6.05,0,0,0,,,
2017-05-25,10,6.09,0,0,0,,,
2017-05-25,11,23.82,10.6,6.14,6.02,,,
2017-05-25,12,10.33,6.12,6.12,6.02,,,
2017-05-25,13,0,0,0,6.12,,,
2017-05-25,14,-3,0,0,0,,,
2017-05-25,15,2.69,0,0,-1,,,
2017-05-25,16,6.01,6.03,5.87,5.92,,,
2017-05-25,17,6.25,6.03,6.04,6.02,,,
2017-05-25,18,5.33,0,0,0,,,
2017-05-25,19,11.22,6.12,5.94,5.87,,,
2017-05-25,20,6.81,7.17,7,6.03,,,
2017-05-25,21,5.68,7.07,7.09,7.89,,,
2017-05-25,22,6.34,6.14,6.03,6.06,,,
2017-05-25,23,0.99,-1,0,-0.1,,,
2017-05-25,24,-2.26,-3,-3,-3,,,
2017-05-26,1,-4.15,-4.2,-4.2,-4.2,,,
2017-05-26,2,-4.4,-4.4,-4.4,-4.5,,,
2017-05-26,3,-4.43,-4.5,-4.5,-4.5,,,
2017-05-26,4,-4.4,-4.4,-4.5,-4.5,,,
2017-05-26,5,-2.76,-3,-3,-4,,,
2017-05-26,6,1.08,0,0,0,,,
2017-05-26,7,11.51,0,-0.01,-0.01,,,
2017-05-26,8,6.67,0,3,0,,,
2017-05-26,9,6.01,7,5.87,6,,,
2017-05-26,10,6.04,5.13,6.14,5.13,,,
2017-05-26,11,6.04,4.89,0,7,,,
2017-05-26,12,0.9,5.13,0,5.87,,,
2017-05-26,13,4.54,6.02,5.92,4.89,,,
2017-05-26,14,-0.02,2,4.89,5.13,,,
2017-05-26,15,-0.78,0.2,0.2,5.13,,,
2017-05-26,16,-0.77,5.13,5.87,5.13,,,
2017-05-26,17,5.74,5.92,6.06,6.29,,,
2017-05-26,18,-1.04,5.13,4.89,5.92,,,
2017-05-26,19,2.52,0,5.13,5.87,,,
2017-05-26,20,6.79,6.02,6.02,6.14,,,
2017-05-26,21,7.01,6.12,6.02,7,,,
2017-05-26,22,4.66,5.92,5.92,5.13,,,
2017-05-26,23,2.23,-3,-3,-3,,,
2017-05-26,24,-4.2,-4.2,-4.2,-4.2,,,
2017-05-27,1,-4.54,-4.5,-4.6,-4.5,,,
2017-05-27,2,-4.59,-4.6,-4.6,-4.7,,,
2017-05-27,3,-4.63,-4.7,-4.7,-4.7,,,
2017-05-27,4,-4.5,-4.6,-4.7,-4.8,,,
2017-05-27,5,-4.6,-4.7,-4.7,-4.9,,,
2017-05-27,6,-4.53,-4.6,-4.6,-4.7,,,
2017-05-27,7,-4.34,-4.2,-4.2,-4.6,,,
2017-05-27,8,-4.07,-4,-4,-4,,,
2017-05-27,9,-4,-3,-3,-4,,,
2017-05-27,10,-4,-3,-3,-3,,,
2017-05-27,11,-3,-3,-3,-3,,,
2017-05-27,12,1.6,-3,-3,-3,,,
2017-05-27,13,-2.25,-3,-3,-4,,,
2017-05-27,14,-3,-3,-3,-4.2,,,
2017-05-27,15,-2.02,-3,-3,-4.2,,,
2017-05-27,16,-3.5,-3,-3,-4,,,
2017-05-27,17,2.38,5.92,5.92,-3,,,
2017-05-27,18,6.04,6.02,6.02,0,,,
2017-05-27,19,6.86,7.07,7.85,5.94,,,
2017-05-27,20,6.04,13.02,13.02,7.07,,,
2017-05-27,21,6.34,13.02,13.02,13.01,,,
2017-05-27,22,3.53,5.87,5.94,-3,,,
2017-05-27,23,-1.79,-3,-3,-3,,,
2017-05-27,24,-3.84,-4,-4,-4.2,,,
2017-05-28,1,-4.39,-4.4,-4.5,-4.6,,,
2017-05-28,2,-4.48,-4.5,-4.5,-4.6,,,
2017-05-28,3,-4.58,-4.6,-4.6,-4.6,,,
2017-05-28,4,-4.63,-4.6,-4.7,-4.7,,,
2017-05-28,5,-4.66,-4.6,-4.6,-4.6,,,
2017-05-28,6,-4.62,-4.6,-4.6,-4.6,,,
2017-05-28,7,-4.73,-4.7,-4.7,-4.6,,,
2017-05-28,8,-4.44,-4.4,-4.4,-4.2,,,
2017-05-28,9,-4.27,-4.2,-4.2,-4,,,
2017-05-28,10,-4.05,-4.2,-4.2,-4.2,,,
2017-05-28,11,-3.42,-4,-4,-4.2,,,
2017-05-28,12,-4,-4.2,-4,-4.2,,,
2017-05-28,13,-4,-4.2,-4.2,-4.2,,,
2017-05-28,14,-4,-4,-4,-4.4,,,
2017-05-28,15,-3,-3,-4,-4,,,
2017-05-28,16,-1.52,-3,-3,-4,,,
2017-05-28,17,0.4,-3,-3,-3,,,
2017-05-28,18,0,6.02,-3,0,,,
2017-05-28,19,-0.25,4.33,5.87,-3,,,
2017-05-28,20,1.26,5.92,0,6.06,,,
2017-05-28,21,4.9,5.94,5.87,5.87,,,
2017-05-28,22,0.95,-3,-3,-3,,,
2017-05-28,23,-2.79,-3,-3,-3,,,
2017-05-28,24,-3.52,-4,-4,-4.2,,,
2017-05-29,1,-4.32,-4.4,-4.4,-4.4,,,
2017-05-29,2,-4.43,-4.5,-4.5,-4.5,,,
2017-05-29,3,-4.51,-4.6,-4.5,-4.6,,,
2017-05-29,4,-4.5,-4.5,-4.5,-4.5,,,
2017-05-29,5,-4.28,-4.2,-4,-4,,,
2017-05-29,6,-2.48,-3,-3,-3,,,
2017-05-29,7,2.76,-3,-3,-3,,,
2017-05-29,8,6.05,0,0,0,,,
2017-05-29,9,25.72,6.06,5.96,0,,,
2017-05-29,10,13.68,6.06,6.06,0,,,
2017-05-29,11,0,4.89,0.02,6.06,,,
2017-05-29,12,0,0,4.33,4.91,,,
2017-05-29,13,0,0,0,6,,,
2017-05-29,14,0,0,0,0,,,
2017-05-29,15,-0.04,0,0,0,,,
2017-05-29,16,0,0,0,0,,,
2017-05-29,17,0.41,0,0,0,,,
2017-05-29,18,4.96,3,0,0,,,
2017-05-29,19,2.98,6,6.04,5.92,,,
2017-05-29,20,7.97,6.93,6.12,7,,,
2017-05-29,21,6.68,7.05,7.05,6.93,,,
2017-05-29,22,2.8,0,7.05,0,,,
2017-05-29,23,-2.33,-3,-3,-0.25,,,
2017-05-29,24,-3.25,-3,-3,-3,,,
2017-05-30,1,-4.66,-4.5,-4.5,-4.5,,,
2017-05-30,2,-4.62,-4.6,-4.5,-4.6,,,
2017-05-30,3,-4.7,-4.6,-4.6,-4.6,,,
2017-05-30,4,-4.74,-4.7,-4.7,-4.7,,,
2017-05-30,5,-4.61,-4.5,-4.4,-4.4,,,
2017-05-30,6,-3.64,-3,-3,-3,,,
2017-05-30,7,-1.34,0,0,0,,,
2017-05-30,8,5.05,0,4.94,0.01,,,
2017-05-30,9,6.15,0,0,0,,,
2017-05-30,10,6.39,6.06,0,0,,,
2017-05-30,11,1.32,0,0,0,,,
2017-05-30,12,-0.01,0,0,0,,,
2017-05-30,13,0,0,0,-0.02,,,
2017-05-30,14,-1.1,0,0,-0.02,,,
2017-05-30,15,-0.04,0,0,0,,,
2017-05-30,16,-0.02,0,0,0,,,
2017-05-30,17,0,0,0,0,,,
2017-05-30,18,-0.01,0,0,6.04,,,
2017-05-30,19,0,0,0,5.92,,,
2017-05-30,20,2.82,0,5.98,5.92,,,
2017-05-30,21,0,0,0,0,,,
2017-05-30,22,-1,0,0,0,,,
2017-05-30,23,-2.88,-3,-3,-3,,,
2017-05-30,24,-4.3,-4.4,-4,-4.4,,,
2017-05-31,1,-4.62,-4.6,-4.6,-4.6,,,
2017-05-31,2,-4.78,-4.8,-4.8,-4.7,,,
2017-05-31,3,-4.83,-4.89,-4.8,-4.9,,,
2017-05-31,4,-4.83,-4.8,-4.8,-4.8,,,
2017-05-31,5,-4.6,-4.6,-4.6,-4.6,,,
2017-05-31,6,-3.68,-3,-3,-3,,,
2017-05-31,7,-2.97,-0.1,0,0,,,
2017-05-31,8,0,0,0,0,,,
2017-05-31,9,0,0,0,0,,,
2017-05-31,10,0,0,0,0,,,
2017-05-31,11,0,-0.02,0,-3,,,
2017-05-31,12,-0.33,-3,-3,-3,,,
2017-05-31,13,-3,0,-0.25,-3,,,
2017-05-31,14,-3,-3,-0.25,-3,,,
2017-05-31,15,-3,-3,-3,-1,,,
2017-05-31,16,-1.05,-0.25,0,-0.02,,,
2017-05-31,17,0,0,0,0,,,
2017-05-31,18,0,0,0,0,,,
2017-05-31,19,0,0,0,0,,,
2017-05-31,20,5.21,0,2.2,0,,,
2017-05-31,21,5.92,6.04,6.12,6,,,
2017-05-31,22,3.61,0,5.92,0,,,
2017-05-31,23,-2.17,-3,-3,-3,,,
2017-05-31,24,-4.48,-4.4,-4.4,-4.5,,,
2017-06-01,1,-4.62,-4.6,-4.6,-4.7,,,
2017-06-01,2,-4.75,-4.7,-4.7,-4.8,,,
2017-06-01,3,-4.71,-4.8,-4.6,-4.8,,,
2017-06-01,4,-4.69,-4.7,-4.6,-4.8,,,
2017-06-01,5,-4.51,-4.5,-4.5,-4.4,,,
2017-06-01,6,-1.1,-3,-3,-3,,,
2017-06-01,7,-1,0,-0.01,0,,,
2017-06-01,8,-3,-0.01,0,-0.01,,,
2017-06-01,9,-3,-0.01,-0.01,-0.01,,,
2017-06-01,10,-3,-3,-0.01,-0.01,,,
2017-06-01,11,0,-3,-3,-0.25,,,
2017-06-01,12,-0.25,0,-0.25,-1,,,
2017-06-01,13,-1.25,-0.25,0,-1,,,
2017-06-01,14,-1.57,0,-3,-3,,,
2017-06-01,15,-3,0,0,0,,,
2017-06-01,16,0.39,6.02,5.98,6.04,,,
2017-06-01,17,3.91,5.99,6.1,5.98,,,
2017-06-01,18,3.97,5.9,5.9,5.98,,,
2017-06-01,19,11.08,6.1,6.91,6.06,,,
2017-06-01,20,24.52,7.16,6.91,6.1,,,
2017-06-01,21,8.47,7.07,13.01,7.03,,,
2017-06-01,22,3.6,5.9,5.98,6.04,,,
2017-06-01,23,-1.85,-3,-3,-3,,,
2017-06-01,24,-4,-4.4,-4,-4.4,,,
2017-06-02,1,-4.51,-4.5,-4.5,-4.5,,,
2017-06-02,2,-4.59,-4.6,-4.5,-4.6,,,
2017-06-02,3,-4.73,-4.7,-4.6,-4.7,,,
2017-06-02,4,-4.79,-4.6,-4.7,-4.8,,,
2017-06-02,5,-4.58,-4.5,-4.5,-4.5,,,
2017-06-02,6,-3.17,-3,-3,-3,,,
2017-06-02,7,5.74,0,5.9,5.9,,,
2017-06-02,8,14.7,5.9,5.9,0,,,
2017-06-02,9,3.36,6.06,6.06,-0.01,,,
2017-06-02,10,-3.12,4.89,6.06,-0.01,,,
2017-06-02,11,-3,-3,0,0,,,
2017-06-02,12,-0.04,-3,-3,-3,,,
2017-06-02,13,-2.52,-3,-1,-3,,,
2017-06-02,14,-0.52,0,0,-3,,,
2017-06-02,15,-0.02,6.02,6.02,-3,,,
2017-06-02,16,2.28,6.06,6.1,0,,,
2017-06-02,17,1.23,6.04,7.03,6.06,,,
2017-06-02,18,6.02,6.04,6.1,6.5,,,
2017-06-02,19,6.43,6,6.02,6.1,,,
2017-06-02,20,8.27,7.03,6.06,7.07,,,
2017-06-02,21,10.25,7.03,7.07,6.91,,,
2017-06-02,22,4.77,6.02,6.91,6.91,,,
2017-06-02,23,-0.95,0,0,0,,,
2017-06-02,24,-3.97,-4,-4,-4,,,
2017-06-03,1,-4.15,-4.2,-4.2,-4.2,,,
2017-06-03,2,-4.28,-4.3,-4.3,-4.2,,,
2017-06-03,3,-4.21,-4.3,-4.3,-4.3,,,
2017-06-03,4,-4.3,-4.3,-4.4,-4.4,,,
2017-06-03,5,-4.4,-4.4,-4.4,-4.5,,,
2017-06-03,6,-4.35,-4.3,-4.4,-4.4,,,
2017-06-03,7,-4.29,-4.3,-4.2,-4.2,,,
2017-06-03,8,-4.16,-4.2,-4.1,-4,,,
2017-06-03,9,-4,-3,-3,-3,,,
2017-06-03,10,-4,-3,-3,-3,,,
2017-06-03,11,-3.67,-3,-3,-3,,,
2017-06-03,12,-3.33,-3,-3,-3,,,
2017-06-03,13,-4,-4,-3,-3,,,
2017-06-03,14,-4,-4,-3,-3,,,
2017-06-03,15,-3.42,-4,-3,-3,,,
2017-06-03,16,-2.52,-3,-3,-3,,,
2017-06-03,17,-3.34,-3,-3,-3,,,
2017-06-03,18,-3,0,5.98,-1,,,
2017-06-03,19,-3,-3,5.98,0,,,
2017-06-03,20,-3,-3,-3,5.98,,,
2017-06-03,21,-2.63,-3,-3,-3,,,
2017-06-03,22,-3.69,-4,-3,-4,,,
2017-06-03,23,-4.28,-4.3,-4.2,-4.3,,,
2017-06-03,24,-4.29,-4.3,-4.3,-4.5,,,
2017-06-04,1,-4.52,-4.4,-4.5,-4.5,,,
2017-06-04,2,-4.58,-4.6,-4.5,-4.6,,,
2017-06-04,3,-4.47,-4.4,-4.6,-4.6,,,
2017-06-04,4,-4.58,-4.5,-4.5,-10,,,
2017-06-04,5,-4.49,-4.5,-4.5,-4.6,,,
2017-06-04,6,-4.38,-4.4,-4.4,-4.5,,,
2017-06-04,7,-4.28,-4.4,-4.4,-4.5,,,
2017-06-04,8,-4.18,-4.1,-4.3,-4.3,,,
2017-06-04,9,-0.75,-3,-3,-4.2,,,
2017-06-04,10,0,-3,-3,-3,,,
2017-06-04,11,0,0,0,-3,,,
2017-06-04,12,0,0,0,-3,,,
2017-06-04,13,0,0,0,-3,,,
2017-06-04,14,0,0,0,0,,,
2017-06-04,15,1.97,0,0,0,,,
2017-06-04,16,4.48,5.9,5.98,0,,,
2017-06-04,17,37.57,7.07,6.12,0,,,
2017-06-04,18,21.7,7.16,7.07,5.98,,,
2017-06-04,19,30.27,13,7.07,6.04,,,
2017-06-04,20,152.89,7.03,7.07,6.06,,,
2017-06-04,21,12.08,13.01,7.07,6.91,,,
2017-06-04,22,8.17,7.03,7.07,5.98,,,
2017-06-04,23,4.68,0,0,5.98,,,
2017-06-04,24,2.35,-3,-4.1,-4.1,,,
2017-06-05,1,-2.22,-4.1,-4.1,-4.1,,,
2017-06-05,2,-4.12,-4.1,-4.1,-4.1,,,
2017-06-05,3,-4.18,-4.2,-4.2,-4.2,,,
2017-06-05,4,-4.19,-4.1,-4.1,-4.1,,,
2017-06-05,5,-4.05,-1,0,0,,,
2017-06-05,6,1.51,6.04,7.07,7.07,,,
2017-06-05,7,3.5,0,5.94,6.04,,,
2017-06-05,8,6.03,5.88,6.02,6.08,,,
2017-06-05,9,6.06,7.07,5.98,6.04,,,
2017-06-05,10,5.95,13,13,7.16,,,
2017-06-05,11,5.84,13,13,13,,,
2017-06-05,12,7.21,13,13,13,,,
2017-06-05,13,8.33,13,13,13,,,
2017-06-05,14,6.41,13,13,13,,,
2017-06-05,15,6.34,13,13,13,,,
2017-06-05,16,0,13,13,13,,,
2017-06-05,17,4.43,13,13,13,,,
2017-06-05,18,0,5.87,6.06,7.07,,,
2017-06-05,19,0.41,5.96,6,6.06,,,
2017-06-05,20,2.48,5.96,6,6.02,,,
2017-06-05,21,3.95,10,7.19,6.02,,,
2017-06-05,22,3.58,6.12,11.12,5.96,,,
2017-06-05,23,0.36,0,0,4.86,,,
2017-06-05,24,-2.06,-3,0,-0.02,,,
2017-06-06,1,-3.71,-4.2,-4.2,-3,,,
2017-06-06,2,-4.32,-4.3,-4.3,-4.3,,,
2017-06-06,3,-4.35,-4.2,-4.3,-4.3,,,
2017-06-06,4,-4.38,-4.3,-4.3,-4.3,,,
2017-06-06,5,-4.27,-3,-3,-3,,,
2017-06-06,6,-2.52,0,0,0,,,
2017-06-06,7,-0.25,0,0,0,,,
2017-06-06,8,0,0,0,0,,,
2017-06-06,9,-3,0,0,0,,,
2017-06-06,10,0,0,0,0,,,
2017-06-06,11,0,0,0,0,,,
2017-06-06,12,0,0,0,0,,,
2017-06-06,13,0,0,0,0,,,
2017-06-06,14,0,0,0,0,,,
2017-06-06,15,0,0,0,0,,,
2017-06-06,16,0,0,0,0,,,
2017-06-06,17,0,0,0,5.32,,,
2017-06-06,18,0,0,0,0,,,
2017-06-06,19,1.92,0,0,0,,,
2017-06-06,20,5.94,0,5.92,5.3,,,
2017-06-06,21,6.02,5.92,5.92,5.98,,,
2017-06-06,22,2.64,0,0,0,,,
2017-06-06,23,-3.18,-3,-3,-3,,,
2017-06-06,24,-4.07,-4.1,-4.1,-4.1,,,
2017-06-07,1,-4.26,-4.3,-4.2,-4.3,,,
2017-06-07,2,-4.31,-4.2,-4.2,-4.4,,,
2017-06-07,3,-4.31,-4.3,-4.2,-4.3,,,
2017-06-07,4,-4.31,-4.3,-4.3,-4.3,,,
2017-06-07,5,-4.23,-4.1,-3,-4.1,,,
2017-06-07,6,-4.23,-3,-3,0,,,
2017-06-07,7,-2.03,-1,-0.01,-3,,,
2017-06-07,8,-3.18,-3,-3,-3,,,
2017-06-07,9,-4.13,-3,-3,-3,,,
2017-06-07,10,-3,-3,-0.25,-1,,,
2017-06-07,11,-3,-3,-3,-0.1,,,
2017-06-07,12,-3,-3,-3,-3,,,
2017-06-07,13,0,-3,-3,-3,,,
2017-06-07,14,0,-3,-3,-3,,,
2017-06-07,15,-0.25,-3,-3,-3,,,
2017-06-07,16,2.9,-3,-3,-3,,,
2017-06-07,17,4.49,4.88,0,0,,,
2017-06-07,18,5.95,6,6.02,5.92,,,
2017-06-07,19,22.71,6,6,6.12,,,
2017-06-07,20,33.77,6.06,6.02,6.02,,,
2017-06-07,21,7.77,13.02,6.14,6.02,,,
2017-06-07,22,12.45,13,13,6.01,,,
2017-06-07,23,6.01,5.92,5.96,5.96,,,
2017-06-07,24,-3.47,-3,-3,-3,,,
2017-06-08,1,-4.28,-4.3,-4.3,-4.3,,,
2017-06-08,2,-4.5,-4.5,-4.5,-4.5,,,
2017-06-08,3,-4.6,-4.5,-4.6,-4.6,,,
2017-06-08,4,-4.62,-4.6,-4.5,-4.6,,,
2017-06-08,5,-4.3,-4.1,-4.1,-4.1,,,
2017-06-08,6,-3.93,-3,-3,0,,,
2017-06-08,7,2.05,0,0,-3,,,
2017-06-08,8,4.33,-3,-3,-0.01,,,
2017-06-08,9,1.93,-0.01,-0.02,-3,,,
2017-06-08,10,-0.17,-0.01,-0.01,-3,,,
2017-06-08,11,6.07,6.16,6.06,6.06,,,
2017-06-08,12,6,6.06,6,6,,,
2017-06-08,13,6,6.06,4.91,5.9,,,
2017-06-08,14,5.94,6.1,6.06,-3,,,
2017-06-08,15,8.05,6.1,6.06,6.04,,,
2017-06-08,16,5.53,13,6.06,13,,,
2017-06-08,17,6.13,13.02,13.02,13,,,
2017-06-08,18,6.08,13.02,13.02,13.01,,,
2017-06-08,19,22.83,13.01,13.01,13.01,,,
2017-06-08,20,13.33,13.02,13.02,13.01,,,
2017-06-08,21,12.33,13.36,13.02,13.01,,,
2017-06-08,22,8.67,13.01,13.01,5.96,,,
2017-06-08,23,3.77,4.89,4.1,5,,,
2017-06-08,24,-4.1,-3,-3,-3,,,
2017-06-09,1,-4.35,-4.1,-4.1,-4.1,,,
2017-06-09,2,-4.41,-4.3,-4.2,-4.2,,,
2017-06-09,3,-4.68,-4.6,-4.4,-4.3,,,
2017-06-09,4,-4.51,-4.5,-4.5,-4.3,,,
2017-06-09,5,-4.43,-4.4,-4.4,-4.4,,,
2017-06-09,6,-3.9,-4.1,-4.1,-4.1,,,
2017-06-09,7,-3.69,-0.01,0,0,,,
2017-06-09,8,-3.56,0,2,6,,,
2017-06-09,9,-0.75,0,5.1,6.16,,,
2017-06-09,10,1.09,5.9,5.9,6,,,
2017-06-09,11,6.38,13,13,6.04,,,
2017-06-09,12,7.3,13,13,13,,,
2017-06-09,13,6.05,13.01,13,13,,,
2017-06-09,14,8.54,13,13,6.06,,,
2017-06-09,15,5.97,13,13,9.71,,,
2017-06-09,16,-0.25,13.01,13.01,13,,,
2017-06-09,17,0,13.02,13.02,13.02,,,
2017-06-09,18,0,13.01,13.02,13.01,,,
2017-06-09,19,5.49,13.01,13.02,6.1,,,
2017-06-09,20,6.13,13.01,13.02,13.02,,,
2017-06-09,21,6.1,13.02,13.02,6.16,,,
2017-06-09,22,8.44,13,13,6.16,,,
2017-06-09,23,8.37,6.18,12.07,6.06,,,
2017-06-09,24,-3.38,-3,0,0,,,
2017-06-10,1,-4.29,-4.2,-4.1,-3,,,
2017-06-10,2,-4.41,-4.2,-4.2,-4.2,,,
2017-06-10,3,-4.49,-4.4,-4.2,-4.3,,,
2017-06-10,4,-4.6,-4.4,-4.3,-4.3,,,
2017-06-10,5,-4.44,-4.4,-4.2,-4.3,,,
2017-06-10,6,-4.45,-4.4,-4.4,-4.2,,,
2017-06-10,7,-4.28,-4.2,-4.2,-4.2,,,
2017-06-10,8,-4.07,-3,-3,-3,,,
2017-06-10,9,-3.28,0,5.98,0,,,
2017-06-10,10,-3,-0.02,5.92,5.98,,,
2017-06-10,11,-3,0,5.92,5.98,,,
2017-06-10,12,-3,0,0,4.91,,,
2017-06-10,13,-2.77,0,0,0,,,
2017-06-10,14,-1.1,0,5.92,0,,,
2017-06-10,15,0,0,0,6,,,
2017-06-10,16,0,0,5.92,0,,,
2017-06-10,17,0,0,0,6.18,,,
2017-06-10,18,0,0,0,6,,,
2017-06-10,19,0,0,0,0,,,
2017-06-10,20,0,0,0,0,,,
2017-06-10,21,0,0,0,0,,,
2017-06-10,22,-1.04,0,0,0,,,
2017-06-10,23,-2.51,-3,-3,-3,,,
2017-06-10,24,-3.47,-3,-3,-3,,,
2017-06-11,1,-4.49,-4.3,-4.2,-4.3,,,
2017-06-11,2,-4.63,-4.4,-4.3,-4.4,,,
2017-06-11,3,-4.74,-4.7,-4.5,-4.6,,,
2017-06-11,4,-4.8,-4.8,-4.7,-4.8,,,
2017-06-11,5,-8.22,-4.8,-4.7,-4.75,,,
2017-06-11,6,-5.63,-4.7,-4.6,-4.7,,,
2017-06-11,7,-6.85,-4.6,-4.4,-4.5,,,
2017-06-11,8,-4.33,-4.3,-4.1,-4.2,,,
2017-06-11,9,-3.88,-3,-3,-3,,,
2017-06-11,10,-3,-3,-0.02,-3,,,
2017-06-11,11,-2.51,-0.02,0,0,,,
2017-06-11,12,0,0,0,0,,,
2017-06-11,13,0,0,1,0,,,
2017-06-11,14,1.88,5.38,6.08,6.08,,,
2017-06-11,15,6.27,6.1,7.01,6.18,,,
2017-06-11,16,14.46,13.01,13.01,13.01,,,
2017-06-11,17,14.93,13.02,13.01,13.02,,,
2017-06-11,18,4.47,38.67,13.02,13.23,,,
2017-06-11,19,12.89,13.23,13.23,13.02,,,
2017-06-11,20,119.92,13.02,13.23,13.31,,,
2017-06-11,21,92.31,14.12,13.34,14.39,,,
2017-06-11,22,13.65,13.02,6.18,6.12,,,
2017-06-11,23,4.39,6,5.98,5.98,,,
2017-06-11,24,-1.5,0,0,0,,,
2017-06-12,1,-3,-3,-3,-3,,,
2017-06-12,2,-3.18,-3,-3,-3,,,
2017-06-12,3,-4.18,-4.1,-4.1,-4.1,,,
2017-06-12,4,-4.26,-4.2,-4.1,-4.1,,,
2017-06-12,5,-4.19,-4.1,-3,-3,,,
2017-06-12,6,-1.6,-0.1,0,0,,,
2017-06-12,7,-0.25,0,0,0,,,
2017-06-12,8,2.52,6.55,6.12,4.55,,,
2017-06-12,9,8.45,13.02,11.47,6.16,,,
2017-06-12,10,13.17,11.49,13.03,13.02,,,
2017-06-12,11,0,13.03,13.03,14.36,,,
2017-06-12,12,0.52,13.03,13.03,13.03,,,
2017-06-12,13,9.71,14.34,24.63,24.22,,,
2017-06-12,14,10.25,14.43,14.43,21.96,,,
2017-06-12,15,12.01,35.8,32.71,25,,,
2017-06-12,16,33.15,35.8,35.8,32.6,,,
2017-06-12,17,44.38,35.87,35.84,35.8,,,
2017-06-12,18,41.03,58.31,36.25,35.81,,,
2017-06-12,19,59.3,53.53,52.05,35.82,,,
2017-06-12,20,49.12,51.65,43.86,41.72,,,
2017-06-12,21,63.61,45.6,39.34,35.87,,,
2017-06-12,22,31.67,29.79,28.97,20.2,,,
2017-06-12,23,27.06,29.52,15,14.36,,,
2017-06-12,24,14.64,14.37,14.35,14.12,,,
2017-06-13,1,10.24,13.01,13.01,13,,,
2017-06-13,2,28.31,6.18,11,11,,,
2017-06-13,3,39.56,7,6.08,6,,,
2017-06-13,4,-2,14.37,3,0,,,
2017-06-13,5,0.2,14.34,14.36,7,,,
2017-06-13,6,4.5,13.02,14.34,14.34,,,
2017-06-13,7,19.61,14.36,14.37,14.38,,,
2017-06-13,8,14.51,20,14.38,20,,,
2017-06-13,9,33.15,36.85,35.51,34.6,,,
2017-06-13,10,35.26,39.09,39.52,35.16,,,
2017-06-13,11,35.47,40,41.25,39.52,,,
2017-06-13,12,31.19,35.16,39.69,39.69,,,
2017-06-13,13,29.36,34.86,34.38,34.6,,,
2017-06-13,14,14.29,27.3,34.13,32.52,,,
2017-06-13,15,23.86,35.45,35.43,36.4,,,
2017-06-13,16,21.27,35.75,36.87,36.84,,,
2017-06-13,17,27.28,35.35,36.86,37.98,,,
2017-06-13,18,31.91,35.01,35.01,36.86,,,
2017-06-13,19,34.94,24.58,35.08,35.15,,,
2017-06-13,20,42.7,28.3,28.29,29.83,,,
2017-06-13,21,40.36,35.16,35,26.73,,,
2017-06-13,22,31.1,36.7,31.13,14.4,,,
2017-06-13,23,11.49,13.59,14.34,14.12,,,
2017-06-13,24,1.42,5.98,5.92,6,,,
2017-06-14,1,1.5,0,4.93,0,,,
2017-06-14,2,-0.51,5.92,4.93,4.93,,,
2017-06-14,3,0,0,0,0,,,
2017-06-14,4,0,0,0,0,,,
2017-06-14,5,2.26,6.12,0,0,,,
2017-06-14,6,1.79,14.32,13,3,,,
2017-06-14,7,5.15,7,6.08,0,,,
2017-06-14,8,12.23,10.16,13.02,9.36,,,
2017-06-14,9,6.15,6.2,6.2,6.18,,,
2017-06-14,10,0.51,14.28,13.02,6.18,,,
2017-06-14,11,9.64,6.2,9.73,13.02,,,
2017-06-14,12,6.15,13.02,6.2,6.18,,,
2017-06-14,13,19.5,14.36,14.35,9.37,,,
2017-06-14,14,22.4,14.35,14.35,6.18,,,
2017-06-14,15,15.27,15,14.34,6.18,,,
2017-06-14,16,23.3,21.64,21.63,14.37,,,
2017-06-14,17,21.86,28.45,20,38.44,,,
2017-06-14,18,10.18,48.72,35,30.14,,,
2017-06-14,19,10.07,35,35.2,36.78,,,
2017-06-14,20,5.05,29.65,31.68,32.37,,,
2017-06-14,21,4.25,15,15,15,,,
2017-06-14,22,6.28,6.1,13.02,6.08,,,
2017-06-14,23,1.5,0,5.98,5.98,,,
2017-06-14,24,-1.27,0,0,0,,,
2017-06-15,1,-3,-3,-1,-3,,,
2017-06-15,2,-3,-3,-3,-3,,,
2017-06-15,3,-3,-3,-3,-4.1,,,
2017-06-15,4,-3,-3,-3,-3,,,
2017-06-15,5,-1.81,-3,0,-1,,,
2017-06-15,6,2.64,13.01,13,13,,,
2017-06-15,7,2.77,13.02,13.02,11,,,
2017-06-15,8,3.98,6.08,6.12,6.33,,,
2017-06-15,9,13.65,5.98,11,11,,,
2017-06-15,10,10.86,13,11,6.18,,,
2017-06-15,11,10.89,13.01,13.01,6.12,,,
2017-06-15,12,9.58,13,13,13.01,,,
2017-06-15,13,6.77,13,13.01,13.01,,,
2017-06-15,14,6.07,14.34,13.02,14.34,,,
2017-06-15,15,6.01,14.37,14.37,14.4,,,
2017-06-15,16,14.3,20.25,30.86,32.18,,,
2017-06-15,17,12.39,14,14.4,27.48,,,
2017-06-15,18,14.35,13.02,13.02,14.36,,,
2017-06-15,19,16.27,13.02,13.02,13.02,,,
2017-06-15,20,15.05,13.02,13.02,16.7,,,
2017-06-15,21,10.22,13.5,13.5,14.12,,,
2017-06-15,22,6.98,6.08,6.18,13.01,,,
2017-06-15,23,7.84,5.34,5.92,6.08,,,
2017-06-15,24,5.11,4.88,5.34,5.92,,,
2017-06-16,1,-2.53,-0.25,0,-3,,,
2017-06-16,2,-4.15,-4.1,-3,-4.2,,,
2017-06-16,3,-4.22,-4.1,-3,-4.2,,,
2017-06-16,4,-4.2,-4.1,-4.1,-4.2,,,
2017-06-16,5,-3.85,-3,0,-4.2,,,
2017-06-16,6,2.29,11.29,13,6.18,,,
2017-06-16,7,6.92,5.92,5.98,6.08,,,
2017-06-16,8,12.37,11.42,11.44,6.18,,,
2017-06-16,9,15.11,6.12,13.75,13.02,,,
2017-06-16,10,12.9,23.86,13.69,6.18,,,
2017-06-16,11,21.21,21.81,22.1,13.99,,,
2017-06-16,12,15.86,21.7,25,16.25,,,
2017-06-16,13,0.86,13,13,14.9,,,
2017-06-16,14,6.41,13.99,13.99,14.12,,,
2017-06-16,15,14.93,15.7,18.56,19.98,,,
2017-06-16,16,28.28,40.66,31.01,22.43,,,
2017-06-16,17,28.19,42.76,42.76,37.15,,,
2017-06-16,18,25.51,45,50.5,40.04,,,
2017-06-16,19,26.63,35.5,33,34,,,
2017-06-16,20,27.67,27.27,28.5,24.68,,,
2017-06-16,21,14.58,21.83,26.46,23.59,,,
2017-06-16,22,15.69,19.13,19.13,21.66,,,
2017-06-16,23,6.83,13.02,13.01,13,,,
2017-06-16,24,2.52,0,6.08,6.08,,,
2017-06-17,1,0.79,0,0,0,,,
2017-06-17,2,-3,-3,-3,-3,,,
2017-06-17,3,-3,-3,-3,-4,,,
2017-06-17,4,-3.42,-3,-3,-4,,,
2017-06-17,5,-3.5,-3,-3,-3,,,
2017-06-17,6,-3.78,-4,-4,-4,,,
2017-06-17,7,-2.93,-0.02,-1,-4,,,
2017-06-17,8,3.34,4.91,4.89,5.92,,,
2017-06-17,9,8.26,13.01,13.01,13,,,
2017-06-17,10,6.87,13.02,13.02,13.01,,,
2017-06-17,11,8.47,13.02,13.02,13.01,,,
2017-06-17,12,9.92,14.29,14.34,13.02,,,
2017-06-17,13,11.16,14.37,14.36,14.12,,,
2017-06-17,14,8.97,14,14.36,14.4,,,
2017-06-17,15,0,15,15,16,,,
2017-06-17,16,6.83,15,15.5,16,,,
2017-06-17,17,14.37,15,19.13,23.64,,,
2017-06-17,18,13.28,15,16.75,16,,,
2017-06-17,19,11.64,13.75,13.75,14.12,,,
2017-06-17,20,6.44,13.5,13.5,13.75,,,
2017-06-17,21,2.18,14.39,14.2,13.03,,,
2017-06-17,22,1.6,13.01,13.02,13,,,
2017-06-17,23,0.96,6.08,6.08,6.12,,,
2017-06-17,24,0,0,0,0,,,
2017-06-18,1,-1.26,-3,-3,0,,,
2017-06-18,2,-2.76,-3,-3,-3,,,
2017-06-18,3,-3,-3,-3,-3,,,
2017-06-18,4,-3.17,-3,-3,-3,,,
2017-06-18,5,-3.83,-3,-3,-4,,,
2017-06-18,6,-3.96,-4,-3,-4,,,
2017-06-18,7,-3.09,-3,-3,-3,,,
2017-06-18,8,0,-3,-3,-3,,,
2017-06-18,9,0,0,0,0,,,
2017-06-18,10,0.41,0,0,0,,,
2017-06-18,11,9.46,5.98,0.02,0,,,
2017-06-18,12,4.54,13.02,13,0,,,
2017-06-18,13,1.68,13.02,13.02,13,,,
2017-06-18,14,6.18,13,13.01,13.01,,,
2017-06-18,15,10.35,13.01,13.01,13.01,,,
2017-06-18,16,5.37,13.02,13.02,13.01,,,
2017-06-18,17,0.82,13.03,13.25,13.34,,,
2017-06-18,18,5.68,13.02,13.03,13.03,,,
2017-06-18,19,1.95,13.01,13.01,13.01,,,
2017-06-18,20,6.06,13,13.01,13,,,
2017-06-18,21,9.73,13.01,13.01,13.01,,,
2017-06-18,22,11.27,6,10,6.08,,,
2017-06-18,23,4.15,13,5.92,6.08,,,
2017-06-18,24,-0.02,0,0,0,,,
2017-06-19,1,-2.29,-3,-3,-3,,,
2017-06-19,2,-0.04,-3,-3,-3,,,
2017-06-19,3,-2.85,-3,-3,-3,,,
2017-06-19,4,-4.01,-4.1,-4.1,-4.1,,,
2017-06-19,5,-4.18,-3,-3,-3,,,
2017-06-19,6,1.36,6.12,14.07,6.08,,,
2017-06-19,7,20.1,27.82,27.82,28.33,,,
2017-06-19,8,31.67,17,17,31.85,,,
2017-06-19,9,24.53,18,17.62,20,,,
2017-06-19,10,17.41,33.2,27.49,26.72,,,
2017-06-19,11,13.55,27.12,25.79,31.85,,,
2017-06-19,12,4.72,25.46,30.96,14.17,,,
2017-06-19,13,13.35,27.23,30.48,35,,,
2017-06-19,14,10.7,31.82,27.25,29.84,,,
2017-06-19,15,17.5,29.91,34.96,34.47,,,
2017-06-19,16,18.83,30.29,33.22,41,,,
2017-06-19,17,28.89,31.82,31.73,35.19,,,
2017-06-19,18,39.96,29.54,31.47,33.91,,,
2017-06-19,19,34.85,31.82,26.34,31.82,,,
2017-06-19,20,30.05,29.48,29.47,25.77,,,
2017-06-19,21,13.1,31.61,27.06,32.44,,,
2017-06-19,22,1.77,13.3,13.34,13.5,,,
2017-06-19,23,0.46,0,0,6,,,
2017-06-19,24,-0.67,-0.1,-0.1,0,,,
2017-06-20,1,-3.52,0,-0.25,-1,,,
2017-06-20,2,-3.42,-3,-3,-3,,,
2017-06-20,3,-4.03,-4,-4,-4,,,
2017-06-20,4,-4.1,-4.1,-4,-4.1,,,
2017-06-20,5,-3.76,-3,-3,-3,,,
2017-06-20,6,-2.43,3,4.94,6,,,
2017-06-20,7,6.91,6.08,11.74,11.71,,,
2017-06-20,8,8.41,6.08,6.08,11.54,,,
2017-06-20,9,5.86,13,6.08,5.98,,,
2017-06-20,10,0,9.92,13,0,,,
2017-06-20,11,0,5.98,13,9.94,,,
2017-06-20,12,0,0,5.98,5.92,,,
2017-06-20,13,0,0,6.18,0,,,
2017-06-20,14,0,0,0,0,,,
2017-06-20,15,0.42,5.92,5.41,0,,,
2017-06-20,16,2.41,6.08,13,0,,,
2017-06-20,17,4.21,10.25,13,13,,,
2017-06-20,18,4.62,6.08,9.88,9.86,,,
2017-06-20,19,10.96,6.12,9.83,9.83,,,
2017-06-20,20,25.53,13,13,13,,,
2017-06-20,21,13.54,13,13.01,13,,,
2017-06-20,22,6.94,13.01,13,13,,,
2017-06-20,23,2.12,0,5.39,0,,,
2017-06-20,24,-3.02,-3,-3,-3,,,
2017-06-21,1,-4.16,-4.1,-4.1,-4.1,,,
2017-06-21,2,-4.24,-4.2,-4.2,-4.2,,,
2017-06-21,3,-4.5,-4.2,-4.2,-4.2,,,
2017-06-21,4,-4.3,-4.2,-4.2,-4.2,,,
2017-06-21,5,-4.2,-4,-4,-4.1,,,
2017-06-21,6,-3.79,0,0,0,,,
2017-06-21,7,5.02,10,12.99,10,,,
2017-06-21,8,1.97,13,12.99,12.99,,,
2017-06-21,9,4.29,13,13,6.18,,,
2017-06-21,10,6.62,6.18,13,13,,,
2017-06-21,11,10.42,6.08,10.86,13,,,
2017-06-21,12,16.45,10,13,6.12,,,
2017-06-21,13,12.73,13,13,7,,,
2017-06-21,14,11.5,13.02,13.01,6.18,,,
2017-06-21,15,6.06,13.02,13.02,13,,,
2017-06-21,16,7.91,13.35,13.33,13.33,,,
2017-06-21,17,7.72,13.33,13.33,13.02,,,
2017-06-21,18,13.37,13.35,14.12,13.26,,,
2017-06-21,19,16.3,13.33,14.12,13.35,,,
2017-06-21,20,21.3,13.35,16.59,13.35,,,
2017-06-21,21,12.28,13.03,13.35,13.32,,,
2017-06-21,22,8.36,13.33,13.03,13.01,,,
2017-06-21,23,-0.13,0,0,5.39,,,
2017-06-21,24,-0.67,0,0,0,,,
2017-06-22,1,-3.69,-4,-4,-4,,,
2017-06-22,2,-3.93,-4,-4,-4.1,,,
2017-06-22,3,-4.09,-4.1,-4,-4.2,,,
2017-06-22,4,-4.17,-4.2,-4.2,-4.2,,,
2017-06-22,5,-4.08,-4.1,-4,-4.2,,,
2017-06-22,6,-1.68,-3,-3,-3,,,
2017-06-22,7,0.82,0,0,0,,,
2017-06-22,8,0,0,4.91,0,,,
2017-06-22,9,5.08,0,4.91,0,,,
2017-06-22,10,12.93,6.08,5.98,5.92,,,
2017-06-22,11,13.64,13,13,6.08,,,
2017-06-22,12,0.41,13.01,12,5.41,,,
2017-06-22,13,0,13,13,6.08,,,
2017-06-22,14,0.82,6.06,11.13,7,,,
2017-06-22,15,0.86,6.18,6.06,13,,,
2017-06-22,16,3.92,13.01,13.01,13,,,
2017-06-22,17,10.54,13.02,13.02,13.01,,,
2017-06-22,18,8.8,14.34,13.02,13.02,,,
2017-06-22,19,5.52,14.34,14.35,13.01,,,
2017-06-22,20,2.36,13.99,13.02,13.02,,,
2017-06-22,21,9.77,6.06,13.02,13.02,,,
2017-06-22,22,5.97,13.02,6.16,13,,,
2017-06-22,23,3.52,0,0,0,,,
2017-06-22,24,-1.3,0,0,-0.1,,,
2017-06-23,1,-1.53,-3,-3,-3,,,
2017-06-23,2,-2.76,-3,-3,-3,,,
2017-06-23,3,-1.83,-3,-3,-3,,,
2017-06-23,4,-0.53,-3,-3,-3,,,
2017-06-23,5,-0.81,0,0,0,,,
2017-06-23,6,5.96,3,6.06,3,,,
2017-06-23,7,8.27,13,13,13,,,
2017-06-23,8,13.35,13.33,13.01,13.01,,,
2017-06-23,9,1.53,14.4,13.02,13.01,,,
2017-06-23,10,14.4,14.39,30.91,14.34,,,
2017-06-23,11,27.83,14.39,14.58,16.49,,,
2017-06-23,12,77.72,32.81,14.35,14.33,,,
2017-06-23,13,20,30.93,14.29,14.12,,,
2017-06-23,14,-0.75,53.81,44.1,18.44,,,
2017-06-23,15,-0.01,59.74,59.74,39,,,
2017-06-23,16,0,56.79,59.74,56.12,,,
2017-06-23,17,3.35,59.74,59.74,44,,,
2017-06-23,18,0.49,55.36,55.36,37.21,,,
2017-06-23,19,14.99,30.93,36.65,14.12,,,
2017-06-23,20,23.92,14.87,16.42,14.12,,,
2017-06-23,21,20.85,14.35,14.36,15.64,,,
2017-06-23,22,146.24,13.01,13.01,13.01,,,
2017-06-23,23,9.73,6.06,6.06,6.06,,,
2017-06-23,24,2.8,6.06,6.06,5.96,,,
2017-06-24,1,-2.25,-1,0,0,,,
2017-06-24,2,-2.05,-3,-3,-3,,,
2017-06-24,3,-3,-3,-3,-3,,,
2017-06-24,4,-3.17,-4,-3,-3,,,
2017-06-24,5,-3.5,-3,-3,-3,,,
2017-06-24,6,-2.7,-3,-3,-4,,,
2017-06-24,7,0.4,-3,-3,-4,,,
2017-06-24,8,1.24,-3,-0.1,-3,,,
2017-06-24,9,6.04,6.18,5.9,5.16,,,
2017-06-24,10,1.67,6.16,5.98,0,,,
2017-06-24,11,0,13,13,6.1,,,
2017-06-24,12,2.51,6.06,6.18,6.18,,,
2017-06-24,13,-0.04,4.86,5.16,5.9,,,
2017-06-24,14,-0.01,5.29,5.98,4.85,,,
2017-06-24,15,0,5.25,5.96,5.96,,,
2017-06-24,16,-0.01,0,6.08,6.06,,,
2017-06-24,17,0,5.16,5.98,6.18,,,
2017-06-24,18,2.9,5.98,6.06,5.98,,,
2017-06-24,19,6.02,5.98,6.08,6.06,,,
2017-06-24,20,6.03,6.08,5.98,5.96,,,
2017-06-24,21,6.09,6.18,6.18,6.06,,,
2017-06-24,22,4.64,5.96,5.96,5.9,,,
2017-06-24,23,4.57,0,0,0,,,
2017-06-24,24,-1.44,0,0,-3,,,
2017-06-25,1,-3.51,-3,-3,-3,,,
2017-06-25,2,-4.05,-4.1,-4,-4,,,
2017-06-25,3,-4.19,-4.2,-4.2,-4.2,,,
2017-06-25,4,-4.2,-4.2,-4.4,-4.4,,,
2017-06-25,5,-4.33,-4.4,-4.4,-4.4,,,
2017-06-25,6,-4.32,-4.6,-4.6,-4.4,,,
2017-06-25,7,-4.33,-4.6,-4.6,-4.6,,,
2017-06-25,8,-3.69,-4.1,-4.2,-4.2,,,
2017-06-25,9,-2.3,-3,-3,-4,,,
2017-06-25,10,-3,-3,-3,-3,,,
2017-06-25,11,-3,-3,-3,-3,,,
2017-06-25,12,-3,-3,-3,-3,,,
2017-06-25,13,-3,-3,-3,-3,,,
2017-06-25,14,-3,-3,-3,-3,,,
2017-06-25,15,-3,-3,-3,-3,,,
2017-06-25,16,-1.77,-3,-3,-3,,,
2017-06-25,17,-1.29,-3,-3,-3,,,
2017-06-25,18,1.5,0,0,0,,,
2017-06-25,19,6.08,0,0,0,,,
2017-06-25,20,6,5.9,0,0,,,
2017-06-25,21,6.07,6.08,6.1,0,,,
2017-06-25,22,6.29,5.98,5.9,4.85,,,
2017-06-25,23,-0.98,-3,-3,-3,,,
2017-06-25,24,-1.34,-3,-3,-3,,,
2017-06-26,1,-1.59,-4,-4,-4,,,
2017-06-26,2,-3.58,-4,-4,-4.1,,,
2017-06-26,3,-4,-4,-4.1,-4.1,,,
2017-06-26,4,-3.58,-4,-4,-4.1,,,
2017-06-26,5,-0.76,-3,-3,-3,,,
2017-06-26,6,-0.83,0,0,0,,,
2017-06-26,7,2.79,5.96,5.29,5.18,,,
2017-06-26,8,5.95,6.1,6.5,6.06,,,
2017-06-26,9,5.2,13,13,6.18,,,
2017-06-26,10,0,0,6.06,6.16,,,
2017-06-26,11,0,5.18,5.2,4.89,,,
2017-06-26,12,0,0,0,0,,,
2017-06-26,13,0,0,0,0,,,
2017-06-26,14,0,0,0,0,,,
2017-06-26,15,0,0,0,0,,,
2017-06-26,16,0,0,5.16,0,,,
2017-06-26,17,0,4.88,6.12,6.08,,,
2017-06-26,18,1.93,4.89,5.96,6.12,,,
2017-06-26,19,16.23,6.08,6.1,6,,,
2017-06-26,20,74.22,6.16,12.16,6.18,,,
2017-06-26,21,21.49,13,13,13,,,
2017-06-26,22,5.71,5.96,5.27,5.16,,,
2017-06-26,23,-2.17,-3,-3,-3,,,
2017-06-26,24,-3.87,-4,-4,-3,,,
2017-06-27,1,-4.26,-4.1,-4.2,-4.2,,,
2017-06-27,2,-4.25,-4.1,-4.1,-4.2,,,
2017-06-27,3,-4.4,-4.1,-4.1,-4.1,,,
2017-06-27,4,-4.47,-4.4,-4.2,-4.2,,,
2017-06-27,5,-4.32,-4.4,-4.2,-4.1,,,
2017-06-27,6,-3.58,-4,-4,-3,,,
2017-06-27,7,-2.19,-3,0,-0.02,,,
2017-06-27,8,-3,-1,0,0,,,
2017-06-27,9,-3,0,0,0,,,
2017-06-27,10,-0.02,-3,0,0,,,
2017-06-27,11,0,-3,-3,-1,,,
2017-06-27,12,0,0,-0.02,-1,,,
2017-06-27,13,0,0,0,-0.02,,,
2017-06-27,14,-1.52,0,0,0,,,
2017-06-27,15,-2.25,0,0,0,,,
2017-06-27,16,-0.25,-1,0,0,,,
2017-06-27,17,0,-3,-3,5.92,,,
2017-06-27,18,0.41,0,0,0,,,
2017-06-27,19,4.84,6.06,6,6,,,
2017-06-27,20,6.07,5.92,4.88,6.08,,,
2017-06-27,21,10.82,4.85,0,4.86,,,
2017-06-27,22,6.1,5.27,0,-0.02,,,
2017-06-27,23,-1.12,-3,-4,-3,,,
2017-06-27,24,-4.23,-4.4,-4.4,-4.4,,,
2017-06-28,1,-4.58,-4.6,-4.6,-4.7,,,
2017-06-28,2,-4.66,-4.6,-4.6,-4.7,,,
2017-06-28,3,-4.7,-4.6,-4.6,-4.7,,,
2017-06-28,4,-4.7,-4.6,-4.6,-4.6,,,
2017-06-28,5,-4.58,-4.4,-4.4,-4.4,,,
2017-06-28,6,-4.13,-4,-4,-4,,,
2017-06-28,7,-2.04,-3,-3,-3,,,
2017-06-28,8,2.03,-3,-1,-0.02,,,
2017-06-28,9,-1.02,-1,0,-3,,,
2017-06-28,10,-3,0,6.06,5.2,,,
2017-06-28,11,-3,-3,0,5.2,,,
2017-06-28,12,0,-3,0,0,,,
2017-06-28,13,-0.34,-3,-3,0,,,
2017-06-28,14,0,0,0,0,,,
2017-06-28,15,0,0,0,0,,,
2017-06-28,16,0,4.88,4.89,5.29,,,
2017-06-28,17,0,5.92,6.12,5.92,,,
2017-06-28,18,0,5.2,6.08,6.18,,,
2017-06-28,19,0,6,6.1,7,,,
2017-06-28,20,2.97,0,6,6.08,,,
2017-06-28,21,6.12,5.92,5.96,5.92,,,
2017-06-28,22,5.13,0,0,0,,,
2017-06-28,23,-1.6,-3,-3,-3,,,
2017-06-28,24,-3.86,-4,-3,-4,,,
2017-06-29,1,-4.5,-4.6,-4.6,-4.4,,,
2017-06-29,2,-4.64,-4.7,-4.7,-4.7,,,
2017-06-29,3,-4.72,-4.7,-4.7,-4.7,,,
2017-06-29,4,-4.71,-4.8,-4.7,-4.7,,,
2017-06-29,5,-4.72,-4.8,-4.8,-4.7,,,
2017-06-29,6,-4.41,-4,-3,-4,,,
2017-06-29,7,-3.38,-4,-3,-3,,,
2017-06-29,8,-1.05,-3,-3,-3,,,
2017-06-29,9,-0.13,-3,-3,-3,,,
2017-06-29,10,-0.14,-3,-3,-3,,,
2017-06-29,11,-0.58,-0.25,-1,-3,,,
2017-06-29,12,-0.02,-0.25,0,-2,,,
2017-06-29,13,-0.26,-0.02,-0.1,-0.1,,,
2017-06-29,14,-2.2,0,0,-0.1,,,
2017-06-29,15,-1.01,-1,0,0,,,
2017-06-29,16,0,0,0,0,,,
2017-06-29,17,9.36,0,0,0,,,
2017-06-29,18,14.21,6.06,0,0,,,
2017-06-29,19,6.01,13,10,5.92,,,
2017-06-29,20,5.22,13,13,13,,,
2017-06-29,21,3.44,13.01,13.01,13,,,
2017-06-29,22,4.08,6.06,7,5.92,,,
2017-06-29,23,-0.51,0,0,0,,,
2017-06-29,24,-3.52,-3,-3,-3,,,
2017-06-30,1,-3.78,-3,-3,-3,,,
2017-06-30,2,-4.28,-4.1,-4,-4,,,
2017-06-30,3,-4.43,-4.4,-4.1,-4.1,,,
2017-06-30,4,-4.57,-4.6,-4.1,-4.1,,,
2017-06-30,5,-4.22,-4,-3,-4,,,
2017-06-30,6,-4.26,-3,-3,-0.25,,,
2017-06-30,7,0.42,5.21,6.06,4.86,,,
2017-06-30,8,4.79,6.16,6.18,6.16,,,
2017-06-30,9,5.31,7,7,7,,,
2017-06-30,10,10.3,13,13,9.61,,,
2017-06-30,11,13.13,13,13,13,,,
2017-06-30,12,5.96,13,13,13,,,
2017-06-30,13,6.04,13,13,13,,,
2017-06-30,14,0.41,13,13,13,,,
2017-06-30,15,13.14,13,13.31,13,,,
2017-06-30,16,7.99,13,13,15.34,,,
2017-06-30,17,15.55,20,20,19.46,,,
2017-06-30,18,13.18,28,26,30,,,
2017-06-30,19,5.5,19.35,15.55,13,,,
2017-06-30,20,6.06,13,13,13,,,
2017-06-30,21,10.29,13,13,13,,,
2017-06-30,22,6.25,7,7,6.06,,,
2017-06-30,23,1.38,5.27,5.9,5.9,,,
2017-06-30,24,-0.76,0,0,0,,,
2017-07-01,1,-1.68,-3,-4,-4,,,
2017-07-01,2,-4.08,-4.1,-4.1,-4.3,,,
2017-07-01,3,-4.27,-4.4,-4.3,-4.3,,,
2017-07-01,4,-4.33,-4.3,-4.4,-4.4,,,
2017-07-01,5,-4.4,-4.4,-4.3,-4.4,,,
2017-07-01,6,-4.47,-4.5,-4.5,-4.5,,,
2017-07-01,7,-4.37,-4.5,-4.5,-4.5,,,
2017-07-01,8,-2.43,-4,-4,-4,,,
2017-07-01,9,4.18,-3,-3,-3,,,
2017-07-01,10,3.73,-3,-3,-3,,,
2017-07-01,11,5.61,0,0,-3,,,
2017-07-01,12,0,7,5.11,0,,,
2017-07-01,13,0,5.21,5.96,0,,,
2017-07-01,14,-0.58,0,4.81,5.88,,,
2017-07-01,15,-3,0,0,0,,,
2017-07-01,16,-3,0,0,0,,,
2017-07-01,17,-3,4.8,6.04,0,,,
2017-07-01,18,-2,4.8,5.96,6.04,,,
2017-07-01,19,2.41,5.21,6.04,4.81,,,
2017-07-01,20,-1.84,0,0.02,5.21,,,
2017-07-01,21,3.72,5.88,5.88,0,,,
2017-07-01,22,-3.78,-3,0,-0.25,,,
2017-07-01,23,-3.38,-3,-3,-3,,,
2017-07-01,24,-4.35,-4.3,-4.3,-4.3,,,
2017-07-02,1,-4.57,-4.5,-4.5,-4.4,,,
2017-07-02,2,-4.58,-4.5,-4.5,-4.5,,,
2017-07-02,3,-4.73,-4.7,-4.5,-4.7,,,
2017-07-02,4,-4.8,-4.7,-4.7,-4.7,,,
2017-07-02,5,-11.18,-4.8,-4.8,-4.9,,,
2017-07-02,6,-67.08,-4.9,-4.8,-4.9,,,
2017-07-02,7,-37.27,-4.8,-4.8,-10,,,
2017-07-02,8,-4.51,-4.4,-4.4,-4.5,,,
2017-07-02,9,-4.17,-4,-4.1,-4,,,
2017-07-02,10,-3.5,-3,-3,-3,,,
2017-07-02,11,-3,-3,-3,-3,,,
2017-07-02,12,-0.27,-3,-3,0,,,
2017-07-02,13,-3,-3,-3,-1,,,
2017-07-02,14,-3.08,-0.02,0,-0.02,,,
2017-07-02,15,-3,-0.02,0,0,,,
2017-07-02,16,-1,-0.1,0,0,,,
2017-07-02,17,0,0,0,0,,,
2017-07-02,18,0,5.96,4.83,5.88,,,
2017-07-02,19,0,6.16,8.88,6.04,,,
2017-07-02,20,0,0,6.16,10.6,,,
2017-07-02,21,0,6.04,6.08,10,,,
2017-07-02,22,1.18,5.13,6.14,5.96,,,
2017-07-02,23,-3.15,-1,0,2,,,
2017-07-02,24,-4.01,-4.1,-3,-4,,,
2017-07-03,1,-4.39,-4.5,-4.5,-4.5,,,
2017-07-03,2,-4.62,-4.8,-4.7,-4.8,,,
2017-07-03,3,-4.49,-4.5,-4.7,-4.8,,,
2017-07-03,4,-4.5,-4.4,-4.7,-4.9,,,
2017-07-03,5,-4.5,-4.7,-4.7,-4.9,,,
2017-07-03,6,-4.56,-4.8,-4.8,-4.8,,,
2017-07-03,7,-4.33,-4.4,-4.7,-4.7,,,
2017-07-03,8,-4.24,-3,-4,-4.3,,,
2017-07-03,9,-3.97,-0.01,-0.01,-3,,,
2017-07-03,10,-3.42,-0.01,-0.01,-0.01,,,
2017-07-03,11,-2.75,0,5.9,5.96,,,
2017-07-03,12,-3.08,0,6.06,6.08,,,
2017-07-03,13,-3.08,0,5.15,6.06,,,
2017-07-03,14,-2,-3,5.36,5.16,,,
2017-07-03,15,0.96,0,5.11,6.08,,,
2017-07-03,16,9.53,6.08,6.06,6.06,,,
2017-07-03,17,24.01,13,12.98,13,,,
2017-07-03,18,12.03,6.1,6.06,6.08,,,
2017-07-03,19,10.33,7.23,6.06,5.9,,,
2017-07-03,20,6.07,6.06,6.06,4.85,,,
2017-07-03,21,7.52,6.16,6.1,6.08,,,
2017-07-03,22,3.67,6.08,6.08,6.08,,,
2017-07-03,23,2.41,0,0.02,-3,,,
2017-07-03,24,-3.79,-4,-4.1,-4.1,,,
2017-07-04,1,-4.43,-4.3,-4.3,-4.3,,,
2017-07-04,2,-4.52,-4.4,-4.4,-4.4,,,
2017-07-04,3,-4.62,-4.5,-4.4,-4.5,,,
2017-07-04,4,-4.55,-4.4,-4.4,-4.7,,,
2017-07-04,5,-4.4,-4.4,-4.3,-4.4,,,
2017-07-04,6,-3.32,-4.1,-4,-4.1,,,
2017-07-04,7,1.23,-3,-3,-3,,,
2017-07-04,8,15.06,7,8.88,5.96,,,
2017-07-04,9,9.07,5.96,6.1,4.83,,,
2017-07-04,10,22.5,7,6.18,5.96,,,
2017-07-04,11,28.48,10.17,12.17,6.18,,,
2017-07-04,12,18.83,13,13.01,13.01,,,
2017-07-04,13,13.63,13,13,13.02,,,
2017-07-04,14,14.34,13,13,13,,,
2017-07-04,15,21.23,13,13.01,13.02,,,
2017-07-04,16,16.49,15.11,13.02,13.02,,,
2017-07-04,17,30.55,16.63,20.67,14.12,,,
2017-07-04,18,33.13,14.35,14.36,22.17,,,
2017-07-04,19,31.05,14.8,14.8,15.11,,,
2017-07-04,20,15.14,15.85,14.34,14.34,,,
2017-07-04,21,11.86,14.35,14.33,14.34,,,
2017-07-04,22,9.07,6.18,9.52,6.08,,,
2017-07-04,23,2.61,4.8,4.78,0,,,
2017-07-04,24,-3,0,0,-3,,,
2017-07-05,1,-3.79,-3,-3,-4,,,
2017-07-05,2,-4.36,-4.4,-4.1,-4.1,,,
2017-07-05,3,-4.43,-4.4,-4.4,-4.3,,,
2017-07-05,4,-4.47,-4.4,-4.4,-4.5,,,
2017-07-05,5,-4.39,-4.3,-4,-4,,,
2017-07-05,6,-3.79,-4.3,-4,-3,,,
2017-07-05,7,-3.26,-0.02,-0.02,0,,,
2017-07-05,8,3.52,-0.02,-0.01,-0.01,,,
2017-07-05,9,3.54,-0.01,-0.01,-0.01,,,
2017-07-05,10,6.59,6.06,6.18,5.96,,,
2017-07-05,11,13.96,13.01,13.01,13.01,,,
2017-07-05,12,10.19,13.01,13.01,13.01,,,
2017-07-05,13,4.99,13.02,13.02,13.02,,,
2017-07-05,14,6.06,13.02,13.02,17.75,,,
2017-07-05,15,8.16,11.01,13.02,13.02,,,
2017-07-05,16,25.78,17.53,18,14.55,,,
2017-07-05,17,52.57,30.82,22.45,20.8,,,
2017-07-05,18,45.98,47.36,35,20.8,,,
2017-07-05,19,54.94,47.36,36.38,33.03,,,
2017-07-05,20,47.78,31.23,31.23,35,,,
2017-07-05,21,54.13,20.5,14.39,31.23,,,
2017-07-05,22,14.53,14.34,14.12,14.33,,,
2017-07-05,23,9.17,6.18,6.06,5.21,,,
2017-07-05,24,3.83,4.81,4.78,3,,,
2017-07-06,1,-0.77,-3,-3,-3,,,
2017-07-06,2,-4.12,-4,-4.1,-4.1,,,
2017-07-06,3,-4.32,-4.1,-4.1,-4.3,,,
2017-07-06,4,-4.32,-4.3,-4.3,-4.3,,,
2017-07-06,5,-4.28,-3,-3,-3,,,
2017-07-06,6,-4.21,0,0,-3,,,
2017-07-06,7,-1.97,5.96,6.06,5.21,,,
2017-07-06,8,1.25,14.12,14.32,7,,,
2017-07-06,9,5.08,13.02,13.02,11.78,,,
2017-07-06,10,11.88,13.02,14,13.02,,,
2017-07-06,11,16.36,13.02,14.33,14.32,,,
2017-07-06,12,17.97,14.24,13.35,14.12,,,
2017-07-06,13,28.42,19.14,16.61,20.94,,,
2017-07-06,14,30.09,30.03,23.81,26.69,,,
2017-07-06,15,32.45,33.6,32.49,32.23,,,
2017-07-06,16,31.63,33.52,33.63,34.93,,,
2017-07-06,17,32.67,30.27,33.63,34.78,,,
2017-07-06,18,33.65,33.63,33.51,38,,,
2017-07-06,19,31.08,30.03,32.5,32.46,,,
2017-07-06,20,27.29,26.7,25.44,25.58,,,
2017-07-06,21,25.58,30.74,29.78,30.21,,,
2017-07-06,22,19.12,23.79,24.29,14.33,,,
2017-07-06,23,8.44,14.3,6.18,13.01,,,
2017-07-06,24,2.35,5.23,5.98,5.33,,,
2017-07-07,1,0,0,0,0,,,
2017-07-07,2,0,-3,-1,-3,,,
2017-07-07,3,0,-3,-3,-3,,,
2017-07-07,4,0,-3,-3,-3,,,
2017-07-07,5,-0.25,-3,0,0,,,
2017-07-07,6,-1.69,6.06,5.9,3,,,
2017-07-07,7,3.82,5.9,7,6.06,,,
2017-07-07,8,35.18,6.06,6.18,5.9,,,
2017-07-07,9,165.43,13.02,14,11.78,,,
2017-07-07,10,203.69,17.5,14.38,11.78,,,
2017-07-07,11,19.53,14.4,13.02,13.01,,,
2017-07-07,12,6.1,14.33,14.25,14.12,,,
2017-07-07,13,6.1,13.02,14.12,14.35,,,
2017-07-07,14,14.34,13.5,14.12,14.36,,,
2017-07-07,15,66.93,18.17,14.38,14.32,,,
2017-07-07,16,24.27,43,20.79,14.33,,,
2017-07-07,17,16.74,47.81,35,14.33,,,
2017-07-07,18,12.81,40.63,35,40.63,,,
2017-07-07,19,13.63,37.49,33.7,31.25,,,
2017-07-07,20,15.18,18.09,19.89,19.15,,,
2017-07-07,21,14.37,14.37,14.34,14.32,,,
2017-07-07,22,12.53,14.34,14.33,13.02,,,
2017-07-07,23,4.26,6.06,6.06,6.06,,,
2017-07-07,24,10.23,6.1,5.98,5.33,,,
2017-07-08,1,3.35,0,0,0,,,
2017-07-08,2,-1.78,-3,-3,-3,,,
2017-07-08,3,-2.67,-3,-3,-3,,,
2017-07-08,4,-3.08,-4,-3,-3,,,
2017-07-08,5,-4.1,-4,-4,-4,,,
2017-07-08,6,-3.26,-4,-3,-3,,,
2017-07-08,7,-4,-4.3,-4.3,-4.3,,,
2017-07-08,8,-0.69,-3,-4,-4,,,
2017-07-08,9,0,-3,-3,-3,,,
2017-07-08,10,3.37,5.23,0,0,,,
2017-07-08,11,-0.52,13.01,7,0,,,
2017-07-08,12,0,13,13,4.83,,,
2017-07-08,13,0,13,13,5.09,,,
2017-07-08,14,0,5.11,13,11.78,,,
2017-07-08,15,0.4,4.81,5.13,13,,,
2017-07-08,16,3.87,0,11.78,0,,,
2017-07-08,17,12.66,11.78,13,13,,,
2017-07-08,18,14.33,13.01,13.01,13.01,,,
2017-07-08,19,14.34,13.01,13.01,13,,,
2017-07-08,20,14.33,13,13.01,11.78,,,
2017-07-08,21,20.01,11.78,13,6.06,,,
2017-07-08,22,9.75,13,13.01,10.69,,,
2017-07-08,23,1.8,4.78,5.35,4.78,,,
2017-07-08,24,-3.75,-4,-3,-3,,,
2017-07-09,1,-4.48,-4.3,-4.3,-4.3,,,
2017-07-09,2,-4.53,-4.3,-4.3,-4.4,,,
2017-07-09,3,-4.78,-4.5,-4.4,-4.4,,,
2017-07-09,4,-4.93,-4.8,-4.8,-4.5,,,
2017-07-09,5,-5.42,-4.9,-4.8,-4.8,,,
2017-07-09,6,-7.91,-5,-4.9,-4.9,,,
2017-07-09,7,-43.93,-5,-5,-5,,,
2017-07-09,8,-4.84,-4.9,-4.9,-4.9,,,
2017-07-09,9,-4.55,-4.5,-4.5,-4.5,,,
2017-07-09,10,-4.38,-4.3,-4,-4,,,
2017-07-09,11,-4.13,-4,-3,-3,,,
2017-07-09,12,-3,-3,-3,-3,,,
2017-07-09,13,-3,-3,-3,-3,,,
2017-07-09,14,-3,-3,-3,-3,,,
2017-07-09,15,-3,0,0,-0.1,,,
2017-07-09,16,0,5.33,5.96,0,,,
2017-07-09,17,0,5.96,6.06,4.81,,,
2017-07-09,18,0,5.96,13,6.08,,,
2017-07-09,19,2,6.08,6.1,6.06,,,
2017-07-09,20,4.73,6.06,6.08,5.08,,,
2017-07-09,21,2.46,6.18,13,5.9,,,
2017-07-09,22,0.91,5.11,6.06,6.1,,,
2017-07-09,23,-1.05,0,0,0,,,
2017-07-09,24,-2.72,-3,-3,-3,,,
2017-07-10,1,-3.88,-4,-3,-3,,,
2017-07-10,2,-4.05,-4,-4,-4.2,,,
2017-07-10,3,-4.2,-4.2,-4,-4.2,,,
2017-07-10,4,-4.2,-4.3,-4.2,-4.2,,,
2017-07-10,5,-4.18,-4.2,-4,-3,,,
2017-07-10,6,-2.94,-4,-3,-3,,,
2017-07-10,7,0.56,0,0,0,,,
2017-07-10,8,-0.02,5.09,0,0,,,
2017-07-10,9,1.27,0,0,0,,,
2017-07-10,10,5.99,5.96,5.9,0,,,
2017-07-10,11,14.39,6.06,13,6.06,,,
2017-07-10,12,13.34,6.1,6.18,12.13,,,
2017-07-10,13,14.39,6.18,13,13,,,
2017-07-10,14,9.65,13.36,13.38,13.32,,,
2017-07-10,15,11.98,13.36,14.38,14.3,,,
2017-07-10,16,14.2,13.36,21.42,17,,,
2017-07-10,17,16.93,13.36,14.34,18.16,,,
2017-07-10,18,19.38,13.34,15.3,14.37,,,
2017-07-10,19,28.33,18.05,14.4,17.93,,,
2017-07-10,20,20.6,21.42,20.38,14.12,,,
2017-07-10,21,19.77,24.2,23.17,14.33,,,
2017-07-10,22,10.41,13.33,13.35,13.33,,,
2017-07-10,23,5.71,6.16,13,13,,,
2017-07-10,24,0.11,5.35,6.06,5.9,,,
2017-07-11,1,-2.17,-3,-3,-3,,,
2017-07-11,2,-4.18,-4,-4,-4.2,,,
2017-07-11,3,-4.15,-4.2,-4,-4.2,,,
2017-07-11,4,-4.07,-4,-3,-4.2,,,
2017-07-11,5,2.08,-4,-3,-4,,,
2017-07-11,6,2.16,5.04,0,1,,,
2017-07-11,7,4.93,6.02,5.06,-0.01,,,
2017-07-11,8,9.83,13.36,14.39,6.06,,,
2017-07-11,9,8.37,13.35,13,7.07,,,
2017-07-11,10,9.45,13.37,13.38,13.34,,,
2017-07-11,11,15.1,14.4,14.4,14.39,,,
2017-07-11,12,14.06,26.25,30.22,26.25,,,
2017-07-11,13,14.65,17.02,26.4,26.41,,,
2017-07-11,14,24.45,26.25,35.48,32.72,,,
2017-07-11,15,20.41,26.4,30.22,32.48,,,
2017-07-11,16,35.15,32.43,32.82,32.44,,,
2017-07-11,17,33.57,33.48,33.48,35,,,
2017-07-11,18,36.46,36.99,37.3,34.84,,,
2017-07-11,19,33.49,43.02,37.21,39.36,,,
2017-07-11,20,35.41,37.51,38.02,36.42,,,
2017-07-11,21,38.18,36.01,36.47,37.07,,,
2017-07-11,22,33.32,32.89,32.89,33.43,,,
2017-07-11,23,27.16,15,13.38,13.34,,,
2017-07-11,24,9.59,13,13,13,,,
2017-07-12,1,10.2,7,6.06,6.1,,,
2017-07-12,2,2.65,7,0,-0.25,,,
2017-07-12,3,-1.77,-0.02,0,-3,,,
2017-07-12,4,-3,-3,-3,-3,,,
2017-07-12,5,-3.25,-0.02,0,-0.02,,,
2017-07-12,6,2.25,13,13,6.06,,,
2017-07-12,7,4.63,6.18,8.88,4.81,,,
2017-07-12,8,12.57,7.27,7,6.06,,,
2017-07-12,9,22.12,13.01,8.88,5.9,,,
2017-07-12,10,29.15,27.7,15.55,13.01,,,
2017-07-12,11,38.3,30.2,30.2,16.33,,,
2017-07-12,12,31.57,29.92,23.42,13.35,,,
2017-07-12,13,20.35,34.46,30.68,27.25,,,
2017-07-12,14,11.46,29.31,25,21.21,,,
2017-07-12,15,17.6,23.99,32.66,27.5,,,
2017-07-12,16,24.41,27.74,33.88,34.74,,,
2017-07-12,17,24.28,21.21,30.86,33.46,,,
2017-07-12,18,21.88,14.4,14.66,31.09,,,
2017-07-12,19,48.23,18.2,18,13.01,,,
2017-07-12,20,81.26,14.23,21.3,14.35,,,
2017-07-12,21,65.39,30.56,29.29,31.09,,,
2017-07-12,22,21.32,28.2,13.01,13.01,,,
2017-07-12,23,5.24,11.76,11.76,13,,,
2017-07-12,24,-0.28,5.98,6.06,5.98,,,
2017-07-13,1,-0.78,0,5.21,0,,,
2017-07-13,2,-1.82,-3,-1,-3,,,
2017-07-13,3,-0.26,-3,-3,-3,,,
2017-07-13,4,0.4,-3,-3,-3,,,
2017-07-13,5,-1.32,-3,-3,-3,,,
2017-07-13,6,-1.52,12.11,-0.1,-3,,,
2017-07-13,7,-1.28,12.5,13,4.81,,,
2017-07-13,8,5.3,11.98,13.02,13.02,,,
2017-07-13,9,5.86,13.02,13.02,13.02,,,
2017-07-13,10,10.82,12.89,12.89,11.78,,,
2017-07-13,11,5.64,13.02,13.02,13.01,,,
2017-07-13,12,5.85,5.9,13.01,13.01,,,
2017-07-13,13,11.37,10,10.71,13.01,,,
2017-07-13,14,12.12,11.99,11.99,13,,,
2017-07-13,15,7.06,10,9.55,13,,,
2017-07-13,16,5.91,10,13,13,,,
2017-07-13,17,6.07,6.1,12.02,12.04,,,
2017-07-13,18,5.41,5.9,6.06,6.1,,,
2017-07-13,19,5.83,6.08,6.08,6.06,,,
2017-07-13,20,6,6.16,12.16,14.12,,,
2017-07-13,21,4.77,14.32,14.3,14.33,,,
2017-07-13,22,4.25,13.02,14.12,13.02,,,
2017-07-13,23,4.27,5.96,6.16,13,,,
2017-07-13,24,-1.38,-1,0,0,,,
2017-07-14,1,-2.77,-3,-3,-3,,,
2017-07-14,2,-3.97,-4,-4,-4,,,
2017-07-14,3,-4.1,-4.1,-4.1,-4.1,,,
2017-07-14,4,-4.08,-4.1,-4.1,-4.1,,,
2017-07-14,5,-1.54,-3,-3,-4.1,,,
2017-07-14,6,-0.29,-3,-3,-3,,,
2017-07-14,7,8.31,4.81,5.13,0,,,
2017-07-14,8,8.59,12.5,10.7,6.1,,,
2017-07-14,9,10.6,13.01,13.01,10,,,
2017-07-14,10,14.3,13.01,13.01,13.01,,,
2017-07-14,11,11.97,14.34,14.33,13.01,,,
2017-07-14,12,3.35,13.01,13.01,13.01,,,
2017-07-14,13,3.39,13.01,13.01,13.01,,,
2017-07-14,14,14.01,13,13.01,14.28,,,
2017-07-14,15,14.35,13.01,13.01,14.25,,,
2017-07-14,16,7.35,14.25,13.01,14.35,,,
2017-07-14,17,17.07,13.01,14.33,14.36,,,
2017-07-14,18,12.04,14.32,13.01,14.35,,,
2017-07-14,19,6.56,13.01,13.01,14.32,,,
2017-07-14,20,5.64,13.01,13,13.01,,,
2017-07-14,21,5.97,13,13.01,13.01,,,
2017-07-14,22,10.76,13,13.01,13,,,
2017-07-14,23,8.12,5.9,6.1,10,,,
2017-07-14,24,0.08,-0.02,0,0,,,
2017-07-15,1,-3,-4,-3,-3,,,
2017-07-15,2,-4.07,-4.1,-4.1,-4.1,,,
2017-07-15,3,-4.31,-4.3,-4.3,-4.3,,,
2017-07-15,4,-4.39,-4.4,-4.3,-4.4,,,
2017-07-15,5,-4.44,-4.4,-4.4,-4.4,,,
2017-07-15,6,-4.27,-4.4,-4.3,-4.3,,,
2017-07-15,7,-4.18,-4.3,-4.3,-4.3,,,
2017-07-15,8,-3.89,4.81,-3,-3,,,
2017-07-15,9,-0.95,10.12,10,0,,,
2017-07-15,10,5.14,13,13.01,13,,,
2017-07-15,11,9.52,10.12,13.01,13.01,,,
2017-07-15,12,14.34,13,13,13.01,,,
2017-07-15,13,14.37,13,13,13,,,
2017-07-15,14,5.98,13.01,13.01,13,,,
2017-07-15,15,5.41,13.01,13.01,13.01,,,
2017-07-15,16,5.07,13.01,13.01,13.01,,,
2017-07-15,17,5.88,14.34,14.34,14.35,,,
2017-07-15,18,14.3,14.35,14.38,14.39,,,
2017-07-15,19,14.33,14.34,14.35,14.36,,,
2017-07-15,20,10.91,13.02,14.32,14.33,,,
2017-07-15,21,10.15,14.32,13.02,14.32,,,
2017-07-15,22,7.1,6.18,6.16,6.06,,,
2017-07-15,23,3.77,5.98,5.96,5.9,,,
2017-07-15,24,-2.43,-3,-3,-3,,,
2017-07-16,1,-3.98,-4,-4,-3,,,
2017-07-16,2,-4.28,-4.1,-4,-4.1,,,
2017-07-16,3,-4.39,-4.3,-4.3,-4.3,,,
2017-07-16,4,-4.45,-4.4,-4.4,-4.4,,,
2017-07-16,5,-4.48,-4.5,-4.5,-4.5,,,
2017-07-16,6,-4.56,-4.5,-4.4,-4.5,,,
2017-07-16,7,-4.42,-4.4,-4.4,-4.4,,,
2017-07-16,8,-2.86,-3,-3,-3,,,
2017-07-16,9,1.9,-3,-0.02,-3,,,
2017-07-16,10,10.13,6.16,5.9,5.21,,,
2017-07-16,11,14.35,13.01,13,6.16,,,
2017-07-16,12,14.35,13.01,13.01,13.01,,,
2017-07-16,13,5.3,13.01,13.01,13.01,,,
2017-07-16,14,5.69,13.01,13.01,13.01,,,
2017-07-16,15,6.04,13.01,13.01,14.12,,,
2017-07-16,16,6.43,14.33,14.12,13.01,,,
2017-07-16,17,8.77,15.89,14.39,14.35,,,
2017-07-16,18,4.77,14.38,25.81,21.85,,,
2017-07-16,19,3.28,13.02,14.34,19.55,,,
2017-07-16,20,2.68,13.01,13.01,13.02,,,
2017-07-16,21,22.11,13.01,13.02,13.01,,,
2017-07-16,22,102.27,13.01,13.01,13.01,,,
2017-07-16,23,9.17,13.01,6.08,6.06,,,
2017-07-16,24,10.61,6.02,10,0,,,
2017-07-17,1,3.49,0,0,0,,,
2017-07-17,2,0.4,-3,-3,-3,,,
2017-07-17,3,-0.02,-3,-3,-3,,,
2017-07-17,4,-0.03,-3,-4,-4,,,
2017-07-17,5,-1.11,0,0,-1,,,
2017-07-17,6,4.93,10,12.55,10,,,
2017-07-17,7,12.45,14.36,14.35,14.34,,,
2017-07-17,8,11.11,30.54,14.39,14.38,,,
2017-07-17,9,14.38,27.29,28.35,15,,,
2017-07-17,10,16.37,29.78,29.77,30.89,,,
2017-07-17,11,29.36,29.82,26.88,23.82,,,
2017-07-17,12,32.18,34.3,32.6,26.76,,,
2017-07-17,13,33.6,34.31,34.31,33.19,,,
2017-07-17,14,33.19,32.53,34.83,32.53,,,
2017-07-17,15,32.88,32.53,33.3,32.95,,,
2017-07-17,16,33.48,32.75,32.74,33.19,,,
2017-07-17,17,33.03,32.53,32.53,32.72,,,
2017-07-17,18,35.06,34.87,33.5,32.62,,,
2017-07-17,19,35.04,33.63,40.2,33.5,,,
2017-07-17,20,36.11,42.07,42.06,33.58,,,
2017-07-17,21,33.45,35,35.1,36.7,,,
2017-07-17,22,24.12,31.65,31.65,31.99,,,
2017-07-17,23,27.54,26.18,27.45,14.4,,,
2017-07-17,24,9.51,14.39,14.37,14.38,,,
2017-07-18,1,7.51,9.8,9.81,10,,,
2017-07-18,2,9.8,9.81,9.81,9.8,,,
2017-07-18,3,7.09,6,8,5.21,,,
2017-07-18,4,3.22,5.21,5.33,5.2,,,
2017-07-18,5,7.84,8,8,4.8,,,
2017-07-18,6,13.29,13,13,8,,,
2017-07-18,7,21.88,14.39,14.37,14.37,,,
2017-07-18,8,15.85,30.33,15,14.39,,,
2017-07-18,9,28.81,17,17,14.39,,,
2017-07-18,10,14.35,31.61,25.14,25,,,
2017-07-18,11,8.66,14.39,24.55,14.39,,,
2017-07-18,12,24.54,31.07,32.71,26.21,,,
2017-07-18,13,25.08,26.21,26.21,34.39,,,
2017-07-18,14,23.87,33.54,33.54,33.54,,,
2017-07-18,15,27.91,32.94,33.18,33.18,,,
2017-07-18,16,33.86,33.57,35.64,34.42,,,
2017-07-18,17,37.46,35.72,37.31,37.36,,,
2017-07-18,18,38.42,38.16,38.19,37.31,,,
2017-07-18,19,39.37,41.55,40.88,38.78,,,
2017-07-18,20,35.01,40.65,39.51,39.51,,,
2017-07-18,21,36.13,35.7,36.44,35.36,,,
2017-07-18,22,25.54,32.63,32.63,31.07,,,
2017-07-18,23,16.11,31.67,32.65,32.59,,,
2017-07-18,24,5.44,17.19,18,18,,,
2017-07-19,1,0.83,13.03,13.03,13.02,,,
2017-07-19,2,1.59,4.8,13.01,10,,,
2017-07-19,3,0,0,0,0,,,
2017-07-19,4,-2.29,-0.02,0,0,,,
2017-07-19,5,-3,0,0,0,,,
2017-07-19,6,11.41,13.02,14.38,14.39,,,
2017-07-19,7,31.11,34.84,32.12,30.95,,,
2017-07-19,8,34.62,35.61,36,34.84,,,
2017-07-19,9,33.28,35.13,35.28,35.28,,,
2017-07-19,10,32.7,31.66,35.13,35,,,
2017-07-19,11,36.88,35.04,35.13,37.25,,,
2017-07-19,12,42.26,41.15,35.34,35,,,
2017-07-19,13,44.63,48.5,48.5,36.3,,,
2017-07-19,14,44.18,45.22,45.22,46,,,
2017-07-19,15,38.67,42.3,42.3,42.33,,,
2017-07-19,16,39,42.3,42.3,43.05,,,
2017-07-19,17,42.04,48.51,48.51,68.08,,,
2017-07-19,18,36.36,45.83,43.84,42.33,,,
2017-07-19,19,43.39,36.33,42.3,40.16,,,
2017-07-19,20,36.91,36.05,38.66,39.37,,,
2017-07-19,21,38.41,40,39.32,39.43,,,
2017-07-19,22,29.96,31.58,31.61,27.72,,,
2017-07-19,23,30.82,34.44,34.45,35,,,
2017-07-19,24,20.52,34.69,34.7,33.47,,,
2017-07-20,1,9.63,25.33,23.2,14.4,,,
2017-07-20,2,0.92,14.32,14.31,13.02,,,
2017-07-20,3,-1.02,13.02,13.02,13.01,,,
2017-07-20,4,0.4,13.01,13.01,13,,,
2017-07-20,5,-0.02,13.02,13.02,13.02,,,
2017-07-20,6,-1.51,13.03,13.03,13.03,,,
2017-07-20,7,-0.27,13.02,13.02,13.01,,,
2017-07-20,8,1.8,25,25,13.33,,,
2017-07-20,9,11.56,33.37,34.49,33.36,,,
2017-07-20,10,13.38,33.36,34.47,26.95,,,
2017-07-20,11,5.96,35.62,35.18,35.15,,,
2017-07-20,12,2.23,34.73,35.72,34.73,,,
2017-07-20,13,27.87,34.33,35.05,34.95,,,
2017-07-20,14,26.14,27.63,28.88,27.63,,,
2017-07-20,15,27.23,32.29,31.73,32.75,,,
2017-07-20,16,30.33,32.47,35.17,34.56,,,
2017-07-20,17,32.94,33.28,33.28,34.3,,,
2017-07-20,18,33.13,29.42,33.71,33.91,,,
2017-07-20,19,33.39,26.02,26.02,36.43,,,
2017-07-20,20,33.37,33.91,33.28,34.31,,,
2017-07-20,21,35.43,45.2,42.01,35.07,,,
2017-07-20,22,24.42,31.7,34.03,31.34,,,
2017-07-20,23,11.75,13.34,13.36,20,,,
2017-07-20,24,10.22,13.34,13.33,13.35,,,
2017-07-21,1,11.32,13.02,13.02,13.01,,,
2017-07-21,2,11.97,13.01,13.01,13,,,
2017-07-21,3,12.62,13,13,10,,,
2017-07-21,4,1.2,13,13,0,,,
2017-07-21,5,3.66,13,13,13,,,
2017-07-21,6,0.77,13.02,13.02,13.36,,,
2017-07-21,7,9.65,31.11,22.72,13.3,,,
2017-07-21,8,23.51,31.44,33.03,26.89,,,
2017-07-21,9,39.21,35.17,35.31,31.64,,,
2017-07-21,10,40.94,35.35,34.59,37.99,,,
2017-07-21,11,36.49,37.53,36.43,36.47,,,
2017-07-21,12,35.61,36.5,36.42,36.46,,,
2017-07-21,13,35.35,35.48,36.43,36.5,,,
2017-07-21,14,36.5,36.52,36.52,36.49,,,
2017-07-21,15,36.14,36.42,36.49,42.44,,,
2017-07-21,16,46.01,40.48,39,48.74,,,
2017-07-21,17,54.3,43.01,43.01,45.38,,,
2017-07-21,18,35.6,36.43,35.25,43.01,,,
2017-07-21,19,34.93,36.5,35.2,36.5,,,
2017-07-21,20,35.15,35.14,35.14,36.52,,,
2017-07-21,21,34.73,36.39,35.2,35.23,,,
2017-07-21,22,35.59,35,34.26,34.26,,,
2017-07-21,23,42.91,38.02,37.99,33.69,,,
2017-07-21,24,27.79,34.79,34.79,19.5,,,
2017-07-22,1,18.5,13.02,13.31,13.02,,,
2017-07-22,2,13.34,13.01,13.01,13.01,,,
2017-07-22,3,8.48,13.01,13,10,,,
2017-07-22,4,9.98,13,13,5.2,,,
2017-07-22,5,4.43,13,13,10,,,
2017-07-22,6,10.59,13,13.02,13,,,
2017-07-22,7,-0.11,13.33,13.01,13.02,,,
2017-07-22,8,9.02,25,27.9,13.31,,,
2017-07-22,9,19.93,32.5,33.39,23.44,,,
2017-07-22,10,34.41,32.69,33.39,14.76,,,
2017-07-22,11,77.51,33.11,33.11,32.29,,,
2017-07-22,12,61.25,35,33,31.99,,,
2017-07-22,13,32.64,35,25.51,13.34,,,
2017-07-22,14,32.19,33.46,33.67,13.39,,,
2017-07-22,15,32.44,32.48,34.12,28.06,,,
2017-07-22,16,32.93,35,35.66,35.55,,,
2017-07-22,17,28.65,35,35.55,35.62,,,
2017-07-22,18,31.92,32.7,35,35,,,
2017-07-22,19,17.84,25.51,32.09,33.23,,,
2017-07-22,20,29.91,19,19,30.86,,,
2017-07-22,21,32.32,32.46,32.09,30.86,,,
2017-07-22,22,28.51,21.2,28.88,13.38,,,
2017-07-22,23,12.38,13.33,13.31,13.31,,,
2017-07-22,24,10.76,13.01,13.02,5.98,,,
2017-07-23,1,8.12,13,13,13,,,
2017-07-23,2,10.65,5.21,10,4.78,,,
2017-07-23,3,1.84,0,4.87,0,,,
2017-07-23,4,-3,-0.25,0,-1,,,
2017-07-23,5,-2.54,0,0,-3,,,
2017-07-23,6,1.06,-3,0,-3,,,
2017-07-23,7,2.68,-3,-0.02,-3,,,
2017-07-23,8,11.25,13,13,13,,,
2017-07-23,9,13.39,14.33,14.23,13.01,,,
2017-07-23,10,17.25,14.34,14.34,13.01,,,
2017-07-23,11,23.6,14.36,14.36,14.32,,,
2017-07-23,12,35.75,16.34,17.17,14.35,,,
2017-07-23,13,29.08,14.32,14.32,14.33,,,
2017-07-23,14,33.26,14.27,13.02,14.38,,,
2017-07-23,15,33.25,25.23,14.4,14.37,,,
2017-07-23,16,29.92,30.11,33.15,17.4,,,
2017-07-23,17,38.63,14.4,30.84,30.87,,,
2017-07-23,18,38.62,14.39,18.32,14.39,,,
2017-07-23,19,15.75,33.46,14.35,14.36,,,
2017-07-23,20,14.34,14.35,21.21,14.38,,,
2017-07-23,21,27.6,33.46,33.16,33.46,,,
2017-07-23,22,14.41,17.75,17.75,13.34,,,
2017-07-23,23,13.37,13.34,13.37,13.34,,,
2017-07-23,24,6.27,13.03,13.03,13.03,,,
2017-07-24,1,10.57,13,5.35,13,,,
2017-07-24,2,10.16,7,10,10,,,
2017-07-24,3,0.4,4.78,4.8,0,,,
2017-07-24,4,0,0,0,0,,,
2017-07-24,5,0,13,13,13,,,
2017-07-24,6,-0.25,13.24,13.32,13.31,,,
2017-07-24,7,0,13.31,13.31,13.31,,,
2017-07-24,8,1.31,13.34,13.34,13.35,,,
2017-07-24,9,6.42,13.37,13.39,13.35,,,
2017-07-24,10,7.39,21.56,22.22,14.35,,,
2017-07-24,11,4.7,18,18,13.37,,,
2017-07-24,12,0.83,13.31,13.34,13.33,,,
2017-07-24,13,2.08,13.35,13.37,13.32,,,
2017-07-24,14,5.27,13.37,15.83,13.33,,,
2017-07-24,15,0.42,13.39,13.39,13.34,,,
2017-07-24,16,0,13.39,20,14.12,,,
2017-07-24,17,0,13.32,25,26.2,,,
2017-07-24,18,0.8,13,13.01,13.33,,,
2017-07-24,19,0,13.01,13.01,13.01,,,
2017-07-24,20,4.16,13.01,13.32,13,,,
2017-07-24,21,8.03,13,13.01,13.31,,,
2017-07-24,22,4.54,13,13,13,,,
2017-07-24,23,8.69,6.06,13,6.2,,,
2017-07-24,24,2.77,0,0,5.2,,,
2017-07-25,1,-1,-3,0,0,,,
2017-07-25,2,-1.51,-3,-3,-3,,,
2017-07-25,3,-2.76,-3,-3,-3,,,
2017-07-25,4,-3.08,-3,-3,-3,,,
2017-07-25,5,-3.03,-0.02,0,0,,,
2017-07-25,6,1.97,7,13,13,,,
2017-07-25,7,9.72,14.33,14.34,14.27,,,
2017-07-25,8,8.51,13.02,13.03,13.02,,,
2017-07-25,9,6.13,14.32,14.34,13.03,,,
2017-07-25,10,10.91,14.37,14.35,14.28,,,
2017-07-25,11,14.32,14.35,18.88,14.34,,,
2017-07-25,12,14.32,14.36,14.38,14.33,,,
2017-07-25,13,14.36,14.35,14.75,14.4,,,
2017-07-25,14,14.37,14.35,14.38,18.88,,,
2017-07-25,15,15.77,14.35,14.35,14.39,,,
2017-07-25,16,22.85,14.39,14.8,14.35,,,
2017-07-25,17,23.82,20,21.31,27.61,,,
2017-07-25,18,27.97,20,25.01,39.01,,,
2017-07-25,19,22.61,15.51,14.81,14.8,,,
2017-07-25,20,17.04,25.71,14.4,23.31,,,
2017-07-25,21,16.42,20.02,16.2,30.77,,,
2017-07-25,22,11,14.38,14.38,14.4,,,
2017-07-25,23,6.81,14.35,14.35,14.35,,,
2017-07-25,24,0.18,13.02,13.02,13.02,,,
2017-07-26,1,-0.01,0,0,0,,,
2017-07-26,2,-0.52,-0.02,0,0,,,
2017-07-26,3,-1.82,-3,-3,-3,,,
2017-07-26,4,-1.77,-3,-3,-3,,,
2017-07-26,5,0,-0.02,0,0,,,
2017-07-26,6,7.7,5.13,5.35,13,,,
2017-07-26,7,6.53,13.01,13.01,13,,,
2017-07-26,8,17.89,13.01,13.01,13,,,
2017-07-26,9,12.28,13.03,13.02,13.01,,,
2017-07-26,10,14.38,14.38,14.38,14.34,,,
2017-07-26,11,14.33,14.39,14.4,15.45,,,
2017-07-26,12,6.94,14.32,14.34,14.34,,,
2017-07-26,13,8.2,13.02,14.36,14.36,,,
2017-07-26,14,13.83,14.34,14.34,15.12,,,
2017-07-26,15,14.35,14.35,14.39,14.39,,,
2017-07-26,16,16.66,25.06,29.37,29.85,,,
2017-07-26,17,23.82,26.47,26.51,31.96,,,
2017-07-26,18,27.42,29.59,36.56,36.08,,,
2017-07-26,19,18.14,18,14.4,31.04,,,
2017-07-26,20,14.34,14.35,14.39,14.34,,,
2017-07-26,21,14.97,14.39,31.47,31.47,,,
2017-07-26,22,6.75,14.37,14.37,14.38,,,
2017-07-26,23,6.68,6.06,13.02,6.1,,,
2017-07-26,24,0.48,13,13.02,13.01,,,
2017-07-27,1,-0.02,13,13,13,,,
2017-07-27,2,0,,0,0,,,
2017-07-27,3,-0.77,4.8,,0,,,
2017-07-27,4,3.33,4.8,4.81,,,,
2017-07-27,5,10.78,13,13,13,,,
2017-07-27,6,10.79,14.31,14.33,14.32,,,
2017-07-27,7,12.91,14.39,14.4,14.37,,,
2017-07-27,8,28.69,14.4,17.8,17.8,,,
2017-07-27,9,15.27,29.87,25.13,14.39,,,
2017-07-27,10,16.74,33.61,34.01,29.49,,,
2017-07-27,11,14.35,25.07,25.16,30.13,,,
2017-07-27,12,20.86,14.34,20.13,22,,,
2017-07-27,13,23.48,17,15.65,22,,,
2017-07-27,14,30.27,31.57,26.89,25.16,,,
2017-07-27,15,31.97,32.72,33.39,33.38,,,
2017-07-27,16,34.68,34.2,33.58,35.78,,,
2017-07-27,17,32.54,33.58,35,35.65,,,
2017-07-27,18,31.09,33.57,33.58,35,,,
2017-07-27,19,30.56,32.33,32.33,34.1,,,
2017-07-27,20,29.5,30.84,30.84,30.84,,,
2017-07-27,21,25.59,33.15,33.16,33.16,,,
2017-07-27,22,17.1,29.76,30.84,19.71,,,
2017-07-27,23,5.93,14.34,14.35,14.32,,,
2017-07-27,24,1.05,6.08,6.16,6.16,,,
2017-07-28,1,-0.76,0,11.56,10,,,
2017-07-28,2,-1.77,0,0,0,,,
2017-07-28,3,-3,-3,-3,-0.1,,,
2017-07-28,4,-3,-3,-0.25,-3,,,
2017-07-28,5,-2.04,0,0,0,,,
2017-07-28,6,0.4,0,7,5.2,,,
2017-07-28,7,4.07,13,13,11.43,,,
2017-07-28,8,8.63,13.02,13.02,13.01,,,
2017-07-28,9,6.08,13.02,13.02,13.01,,,
2017-07-28,10,5.87,13.01,13.02,11.93,,,
2017-07-28,11,12.97,13,13.02,13.01,,,
2017-07-28,12,13.32,13.01,13.01,13.02,,,
2017-07-28,13,13.54,10,11.84,11.79,,,
2017-07-28,14,9.54,13,10,13,,,
2017-07-28,15,1.2,6.06,4.83,6.06,,,
2017-07-28,16,0,13.02,13,13,,,
2017-07-28,17,0,5,13,10.36,,,
2017-07-28,18,2.67,13.01,13.01,13,,,
2017-07-28,19,7.48,13.01,13.01,13,,,
2017-07-28,20,13.32,13.02,13.02,13.01,,,
2017-07-28,21,12.84,13.01,13,13,,,
2017-07-28,22,8.46,13,6.18,5.21,,,
2017-07-28,23,1.6,5.21,5.09,0,,,
2017-07-28,24,-2.19,0,0,0,,,
2017-07-29,1,-3.25,-3,-3,-3,,,
2017-07-29,2,-4,-3,-3,-3,,,
2017-07-29,3,-4.3,-4.1,-4.1,-4,,,
2017-07-29,4,-4.3,-4.3,-4.1,-4.1,,,
2017-07-29,5,-4.3,-4.1,-4.1,-4,,,
2017-07-29,6,-4.23,-4.1,-4,-3,,,
2017-07-29,7,-3.7,-3,-3,-3,,,
2017-07-29,8,-2,-3,-0.25,0,,,
2017-07-29,9,5.37,4.78,4.78,0,,,
2017-07-29,10,3.04,11,5.21,0,,,
2017-07-29,11,-0.03,13,5.9,4.8,,,
2017-07-29,12,2.18,13,13,5.9,,,
2017-07-29,13,5.63,13.01,13.01,6.14,,,
2017-07-29,14,10.3,13.01,13.01,13.01,,,
2017-07-29,15,6.11,13,13,13.01,,,
2017-07-29,16,7.62,13.01,13,13,,,
2017-07-29,17,9.47,13.01,13.01,13.01,,,
2017-07-29,18,13.23,13.01,13.01,13.01,,,
2017-07-29,19,8.46,13.02,13.01,13.01,,,
2017-07-29,20,0,13.02,13.01,6.14,,,
2017-07-29,21,0,13.03,13.02,13.01,,,
2017-07-29,22,1.85,13.02,13.02,13,,,
2017-07-29,23,6.67,6.08,6.14,6.06,,,
2017-07-29,24,-0.08,0,0,0,,,
2017-07-30,1,-3.42,-3,-3,-3,,,
2017-07-30,2,-3.78,-3,-3,-3,,,
2017-07-30,3,-4.18,-4,-4,-4,,,
2017-07-30,4,-4.3,-4.1,-4.1,-4.1,,,
2017-07-30,5,-4.3,-4.1,-4.1,-4.1,,,
2017-07-30,6,-4.36,-4.1,-4.1,-4.1,,,
2017-07-30,7,-4.18,-4,-4,-4.1,,,
2017-07-30,8,1.72,-3,-3,-3,,,
2017-07-30,9,4.66,0,0,0,,,
2017-07-30,10,2.51,13.02,13.02,13,,,
2017-07-30,11,6.42,13,13,13,,,
2017-07-30,12,7.17,13.01,13.01,13,,,
2017-07-30,13,13.66,13,13.01,13,,,
2017-07-30,14,17.54,25.44,14.4,14.38,,,
2017-07-30,15,30.69,31.21,31.21,25.41,,,
2017-07-30,16,27.92,29.38,23.42,31.13,,,
2017-07-30,17,42.44,26.46,29.39,26.7,,,
2017-07-30,18,33.53,34.4,26.36,30.85,,,
2017-07-30,19,26.55,29.84,29.81,19.86,,,
2017-07-30,20,29.83,29.32,33.85,29.81,,,
2017-07-30,21,31.49,40.39,34.44,34.43,,,
2017-07-30,22,16.32,29.81,31.42,30.02,,,
2017-07-30,23,9.43,14.35,14.35,14.33,,,
2017-07-30,24,3.38,13.02,13.02,13.01,,,
2017-07-31,1,1.54,13.01,5.06,5.09,,,
2017-07-31,2,-1.1,4.76,12,0,,,
2017-07-31,3,-4,0,0,0,,,
2017-07-31,4,-4,-3,0,-3,,,
2017-07-31,5,-1.67,13,13,4.86,,,
2017-07-31,6,6.52,14.33,14.33,14.36,,,
2017-07-31,7,14.63,14.35,19.35,14.27,,,
2017-07-31,8,12.95,14.38,20.56,14.39,,,
2017-07-31,9,25.87,23.16,23.16,15,,,
2017-07-31,10,30.95,29.81,23.16,30.41,,,
2017-07-31,11,36.07,31,31.04,31,,,
2017-07-31,12,38.7,30.82,27.79,30.54,,,
2017-07-31,13,37.65,35,32.56,27.39,,,
2017-07-31,14,36.4,34.61,34.45,34.47,,,
2017-07-31,15,34.56,36.68,36.62,37.01,,,
2017-07-31,16,35.47,40.82,40.82,37.19,,,
2017-07-31,17,34.5,50,50,41.92,,,
2017-07-31,18,35.81,36.63,45.56,40.67,,,
2017-07-31,19,34.74,38,36.56,36.65,,,
2017-07-31,20,34.44,40,40,34.48,,,
2017-07-31,21,38.91,39.88,39.88,36.65,,,
2017-07-31,22,33.31,34.39,33.29,30.15,,,
2017-07-31,23,35.15,33.13,33.25,23.17,,,
2017-07-31,24,21.58,23.17,23.15,23.15,,,
2017-08-01,1,14.32,13.38,13.38,13.3,,,
2017-08-01,2,4.69,13.03,13.03,13.23,,,
2017-08-01,3,13.31,13.02,13.02,13.01,,,
2017-08-01,4,-0.97,13.01,13.01,13.01,,,
2017-08-01,5,12.62,13.02,13.02,13.02,,,
2017-08-01,6,2.83,13.02,13.03,13.03,,,
2017-08-01,7,5.04,13.32,13.33,13.03,,,
2017-08-01,8,10.62,29.92,24.24,14.39,,,
2017-08-01,9,30.26,33.8,34.55,32.01,,,
2017-08-01,10,34.95,39.35,40.1,35,,,
2017-08-01,11,37.32,45,43,36.26,,,
2017-08-01,12,35.17,40.39,40.39,34.07,,,
2017-08-01,13,34.96,38.77,39.35,35,,,
2017-08-01,14,35.26,40.1,40,36.16,,,
2017-08-01,15,28.9,40,40,36.08,,,
2017-08-01,16,28.05,35.38,40.39,39.35,,,
2017-08-01,17,32.52,35.16,40.1,40.29,,,
2017-08-01,18,34.43,31.96,35.38,33.87,,,
2017-08-01,19,33.13,35,31.96,31.95,,,
2017-08-01,20,32.37,32.05,32.04,31.51,,,
2017-08-01,21,32.46,32.04,31.96,31.96,,,
2017-08-01,22,25.17,32.05,32.05,32.26,,,
2017-08-01,23,21.23,26.16,25.14,32.64,,,
2017-08-01,24,9.5,14.37,14.37,14.33,,,
2017-08-02,1,1.24,13.03,13.03,14.34,,,
2017-08-02,2,3.66,4.8,13.02,13.01,,,
2017-08-02,3,14.31,13,13,13,,,
2017-08-02,4,11.31,13,13,13,,,
2017-08-02,5,6.07,13.01,13.01,13.01,,,
2017-08-02,6,2.11,14.33,14.35,14.36,,,
2017-08-02,7,16.39,14.4,19.39,14.34,,,
2017-08-02,8,28.88,30.91,30.42,25.13,,,
2017-08-02,9,30.19,30.43,30.44,29.43,,,
2017-08-02,10,31.87,31.33,30.55,29.01,,,
2017-08-02,11,33.84,33.46,31.34,31.32,,,
2017-08-02,12,37.95,33.41,34.97,31.33,,,
2017-08-02,13,49.95,40,39.82,33.46,,,
2017-08-02,14,34.93,54,45.27,39.81,,,
2017-08-02,15,34.77,51.64,51.64,42.63,,,
2017-08-02,16,37.48,33.4,51.92,50.88,,,
2017-08-02,17,32.55,41.92,34,39.6,,,
2017-08-02,18,28.73,45,39.6,33.86,,,
2017-08-02,19,31.21,34.92,39.56,33.5,,,
2017-08-02,20,34.29,31.25,35.94,38.16,,,
2017-08-02,21,34.86,31.47,31.46,35,,,
2017-08-02,22,29.1,31.47,31.33,31.25,,,
2017-08-02,23,24.39,31.79,31.79,32.22,,,
2017-08-02,24,21.61,28.51,28.85,33.37,,,
2017-08-03,1,18.51,17,17,14.41,,,
2017-08-03,2,14.37,20.89,22.56,24.13,,,
2017-08-03,3,8.3,14.33,14.32,14.35,,,
2017-08-03,4,-0.56,13.5,14.32,14.31,,,
2017-08-03,5,8.42,23,23,27.1,,,
2017-08-03,6,15.36,31.47,31.47,35.4,,,
2017-08-03,7,19.52,31.46,31.46,34.08,,,
2017-08-03,8,30.32,34.06,34.06,36.5,,,
2017-08-03,9,34.06,34.06,35.4,35.36,,,
2017-08-03,10,34.03,34.06,35.09,35.36,,,
2017-08-03,11,33.98,34.05,34.07,35.4,,,
2017-08-03,12,34.33,34.08,34.05,35.09,,,
2017-08-03,13,35.16,35.59,34.11,34.06,,,
2017-08-03,14,36.05,38,34.13,34.13,,,
2017-08-03,15,37.02,39.67,38.5,38.5,,,
2017-08-03,16,31.59,36.69,37.61,37.35,,,
2017-08-03,17,37.45,32.29,38.5,39.85,,,
2017-08-03,18,32.46,31.55,32.65,34.33,,,
2017-08-03,19,32.2,34.52,33.97,33.55,,,
2017-08-03,20,31.81,39.47,39.67,34.15,,,
2017-08-03,21,30.06,31.68,31.69,40.42,,,
2017-08-03,22,30.77,31.45,31.46,31.46,,,
2017-08-03,23,29.01,25,24.62,22.97,,,
2017-08-03,24,18.41,14.34,14.35,14.37,,,
2017-08-04,1,7.65,14.35,14.31,13.02,,,
2017-08-04,2,0.42,12.97,12.96,13,,,
2017-08-04,3,0,13,13,5.06,,,
2017-08-04,4,0,3,5.08,0,,,
2017-08-04,5,0,13.01,13.01,13,,,
2017-08-04,6,0.89,14.35,14.35,13.02,,,
2017-08-04,7,7.17,14.39,14.4,14.33,,,
2017-08-04,8,12.83,29.65,29.89,29.68,,,
2017-08-04,9,15.26,30.56,30.57,29.68,,,
2017-08-04,10,30.47,32.03,32.03,30.45,,,
2017-08-04,11,27.86,32.08,32.08,32.02,,,
2017-08-04,12,29.27,32.72,32.72,32.72,,,
2017-08-04,13,15.25,32.08,32.08,30.48,,,
2017-08-04,14,14.36,29.68,31.84,30.08,,,
2017-08-04,15,30.79,31.8,32.08,32.08,,,
2017-08-04,16,14.35,32.45,25.01,32.08,,,
2017-08-04,17,10.2,31.46,31.5,32.12,,,
2017-08-04,18,10.18,28.26,31.16,14.4,,,
2017-08-04,19,3.25,14.33,14.39,25.03,,,
2017-08-04,20,4.21,14.34,14.37,29.51,,,
2017-08-04,21,5.05,13.01,14.39,14.34,,,
2017-08-04,22,5.93,13,13.01,13.02,,,
2017-08-04,23,3.96,13,13,6.04,,,
2017-08-04,24,0,0,4.86,4.76,,,
2017-08-05,1,0,0,0,0,,,
2017-08-05,2,0,0,0,0,,,
2017-08-05,3,-0.63,-0.02,0,0,,,
2017-08-05,4,-2.51,-3,-3,-3,,,
2017-08-05,5,-2.07,-3,-0.25,-0.25,,,
2017-08-05,6,-3,-0.1,-1,-1,,,
2017-08-05,7,-1.53,0,0,0,,,
2017-08-05,8,0,0,0,0,,,
2017-08-05,9,0,0,0,0,,,
2017-08-05,10,0,0,0,0,,,
2017-08-05,11,0,0,0,0,,,
2017-08-05,12,0,0,0,0,,,
2017-08-05,13,0,0,0,0,,,
2017-08-05,14,0,0,0,0,,,
2017-08-05,15,0,0,0,0,,,
2017-08-05,16,0.4,0,0,0,,,
2017-08-05,17,8.34,5.2,4.78,0,,,
2017-08-05,18,22.67,6.08,6.04,6,,,
2017-08-05,19,33.03,13,13,6.06,,,
2017-08-05,20,14.36,13,13,13,,,
2017-08-05,21,14.35,13,12,13,,,
2017-08-05,22,10.9,6.04,6,6.06,,,
2017-08-05,23,6.49,6,5.31,6,,,
2017-08-05,24,8.14,6.08,6.04,6,,,
2017-08-06,1,12.79,4.76,3,0,,,
2017-08-06,2,2.85,0,0,0,,,
2017-08-06,3,-0.52,0,-3,-3,,,
2017-08-06,4,-1.29,-3,-3,-3,,,
2017-08-06,5,-2.5,-3,-3,-3,,,
2017-08-06,6,-3.33,-3,-3,-3,,,
2017-08-06,7,-3.85,0,0,-3,,,
2017-08-06,8,0.56,0,0,0,,,
2017-08-06,9,4.22,5.06,5.06,5.2,,,
2017-08-06,10,5.58,5.33,5.85,0,,,
2017-08-06,11,6.03,13,6.04,5.98,,,
2017-08-06,12,6,12,6.18,5.33,,,
2017-08-06,13,8.15,6.1,6.34,6.03,,,
2017-08-06,14,6.02,13,6.1,5.98,,,
2017-08-06,15,10.87,8.98,8.98,5.98,,,
2017-08-06,16,8.83,13.02,13.02,10,,,
2017-08-06,17,9.5,13.02,13.02,13.02,,,
2017-08-06,18,6.76,13.02,13.02,13.02,,,
2017-08-06,19,7.48,14.22,13.02,13.02,,,
2017-08-06,20,8.17,14.33,14.34,14.03,,,
2017-08-06,21,13.66,15,15,14.33,,,
2017-08-06,22,10.19,14.34,14.34,13.02,,,
2017-08-06,23,9.35,13.03,13.03,13.02,,,
2017-08-06,24,8.74,13.01,13.01,13,,,
2017-08-07,1,12.92,13,13.01,11.66,,,
2017-08-07,2,11.24,13,13,7,,,
2017-08-07,3,9.79,5.06,10,4.78,,,
2017-08-07,4,5.93,4.76,5.18,0,,,
2017-08-07,5,4.16,-0.02,-1,-1,,,
2017-08-07,6,11.28,5.09,5.09,0,,,
2017-08-07,7,4.97,13,13,13,,,
2017-08-07,8,-0.81,13.01,13.01,13,,,
2017-08-07,9,-1.17,13.3,13.32,13.02,,,
2017-08-07,10,13.33,27.56,27.56,29.97,,,
2017-08-07,11,22.85,31.56,31.56,31.56,,,
2017-08-07,12,39.87,31.56,31.56,31.56,,,
2017-08-07,13,14.75,25.56,25.56,29.83,,,
2017-08-07,14,13.36,17.01,17.01,28,,,
2017-08-07,15,12.71,14.01,14.01,27,,,
2017-08-07,16,25.41,29.94,30.2,30.09,,,
2017-08-07,17,36.77,29.17,30.56,31.56,,,
2017-08-07,18,38.96,28,28,27,,,
2017-08-07,19,18.74,15.02,15.02,27.1,,,
2017-08-07,20,13.35,13.32,13.33,29.09,,,
2017-08-07,21,18.74,18,16.59,16,,,
2017-08-07,22,10.83,13.34,13.34,13.02,,,
2017-08-07,23,8.73,13.02,13.02,13.01,,,
2017-08-07,24,7.89,13.01,13.01,13,,,
2017-08-08,1,12.65,11,13,11,,,
2017-08-08,2,5.21,0,0,0,,,
2017-08-08,3,0,-0.02,0,-0.02,,,
2017-08-08,4,1.65,-3,-3,-3,,,
2017-08-08,5,4.41,5.33,7,5.08,,,
2017-08-08,6,3.48,13.33,13.33,13.31,,,
2017-08-08,7,-0.27,13.02,13.3,13.02,,,
2017-08-08,8,9.75,25.12,25.25,15.36,,,
2017-08-08,9,16.65,28,29.16,17.12,,,
2017-08-08,10,32.39,33.44,33.45,33.44,,,
2017-08-08,11,28.45,29.15,32.2,29.15,,,
2017-08-08,12,24.31,13.39,22.33,19.49,,,
2017-08-08,13,20.5,22.05,22.06,29.76,,,
2017-08-08,14,13.38,19.31,19.45,18.18,,,
2017-08-08,15,13.37,18.18,18.18,18.98,,,
2017-08-08,16,14.29,20.25,20.09,20.14,,,
2017-08-08,17,31.73,31.56,35.45,30.39,,,
2017-08-08,18,43.73,23.26,23.5,23.59,,,
2017-08-08,19,26.4,31.49,31.49,13.33,,,
2017-08-08,20,37.51,30,33,16,,,
2017-08-08,21,22.19,31.56,20.13,33.74,,,
2017-08-08,22,31.87,15.82,18.18,13.32,,,
2017-08-08,23,10.45,13.3,13.33,13.31,,,
2017-08-08,24,5.66,13.02,13.02,13.02,,,
2017-08-09,1,3.44,5.2,5.09,4.86,,,
2017-08-09,2,7.87,5.09,10,5.18,,,
2017-08-09,3,8.34,0,5.09,0,,,
2017-08-09,4,7.82,4.78,0,0,,,
2017-08-09,5,7.88,13.01,13.02,13,,,
2017-08-09,6,7.03,13.23,13.2,13.24,,,
2017-08-09,7,5.9,13.21,13.22,13.15,,,
2017-08-09,8,19.03,25.34,28.5,18.63,,,
2017-08-09,9,28.29,21.1,20.6,25,,,
2017-08-09,10,33.34,31.42,32.77,32.77,,,
2017-08-09,11,33.45,33.5,33.46,34.22,,,
2017-08-09,12,33.1,33.72,33.72,33.85,,,
2017-08-09,13,32.31,32.98,32.98,32.98,,,
2017-08-09,14,32.98,32.99,32.98,32.99,,,
2017-08-09,15,32.98,33.77,33.77,33.06,,,
2017-08-09,16,33.57,,36.03,36.03,,,
2017-08-09,17,34.72,33.74,,38.9,,,
2017-08-09,18,34.84,34.37,33.75,,,,
2017-08-09,19,33.8,33.77,33.47,33.77,,,
2017-08-09,20,33.03,33.75,33.72,33.83,,,
2017-08-09,21,32.46,33.74,32.43,32.43,,,
2017-08-09,22,21.42,30.68,31.56,31.56,,,
2017-08-09,23,13.42,14.33,14.33,14.34,,,
2017-08-09,24,7.13,13.02,13.02,14.38,,,
2017-08-10,1,11.99,5.31,5.33,13.01,,,
2017-08-10,2,11.25,11.07,13,8.28,,,
2017-08-10,3,4.98,0,5.18,1.7,,,
2017-08-10,4,5.39,0,4.76,0,,,
2017-08-10,5,1.24,13,13,5.33,,,
2017-08-10,6,2.85,14.34,14.35,14.32,,,
2017-08-10,7,11.7,31.71,31.71,31.71,,,
2017-08-10,8,17.35,34.42,31.71,31.71,,,
2017-08-10,9,32.08,31.71,31.71,31.71,,,
2017-08-10,10,24.9,25.61,30.03,31.71,,,
2017-08-10,11,35.5,31.71,31.71,31.71,,,
2017-08-10,12,30.72,21.25,21.25,25.42,,,
2017-08-10,13,31.26,27.65,23.25,22.02,,,
2017-08-10,14,37.89,33.6,29.79,24.69,,,
2017-08-10,15,34.07,33.61,33.49,27.65,,,
2017-08-10,16,44.05,41.3,41.3,37.43,,,
2017-08-10,17,42.37,56.02,56.02,36.72,,,
2017-08-10,18,36.56,46.86,44.16,40,,,
2017-08-10,19,32.57,36.72,36.72,36.99,,,
2017-08-10,20,34.62,30.89,34.23,36.1,,,
2017-08-10,21,23.1,26.25,24.21,35,,,
2017-08-10,22,22.68,31.71,31.71,31.71,,,
2017-08-10,23,24.99,13.39,14.4,31.52,,,
2017-08-10,24,25.24,20,20,30.66,,,
2017-08-11,1,7.97,13.01,13.01,13,,,
2017-08-11,2,4.96,13,13,5.09,,,
2017-08-11,3,2.81,10,5.18,0,,,
2017-08-11,4,9.94,4.86,5.09,0,,,
2017-08-11,5,7.19,13.23,13.01,13.32,,,
2017-08-11,6,23.83,32.47,32.47,25.91,,,
2017-08-11,7,25.88,32.47,32.47,32.47,,,
2017-08-11,8,31.78,32.47,32.47,31.75,,,
2017-08-11,9,36.17,31.94,32.47,30.37,,,
2017-08-11,10,31.6,32.47,32.47,32.47,,,
2017-08-11,11,33.04,32.47,32.47,32.47,,,
2017-08-11,12,39.8,31.94,31.92,25.74,,,
2017-08-11,13,34.25,32.47,32.47,32.47,,,
2017-08-11,14,32.69,32.47,32.47,32.47,,,
2017-08-11,15,30.97,34.24,32.47,32.47,,,
2017-08-11,16,42.65,34.97,34.25,32.47,,,
2017-08-11,17,40.08,34.25,34.21,34.23,,,
2017-08-11,18,33.99,33.86,33.7,33.53,,,
2017-08-11,19,33.99,33.79,32.47,31.99,,,
2017-08-11,20,33.56,31.13,26.45,31.64,,,
2017-08-11,21,57.68,32.12,31.64,27.54,,,
2017-08-11,22,62.35,32.47,33.75,31.64,,,
2017-08-11,23,32.49,32.47,30.4,30.4,,,
2017-08-11,24,13.58,14.34,14.33,13.02,,,
2017-08-12,1,14.34,5.33,13.02,13,,,
2017-08-12,2,13.59,7,5.31,5.31,,,
2017-08-12,3,2.47,0,0,0,,,
2017-08-12,4,0,-3,0,-0.02,,,
2017-08-12,5,0,-0.25,0,0,,,
2017-08-12,6,5.81,4.84,4.86,4.78,,,
2017-08-12,7,8.43,0,4.76,4.76,,,
2017-08-12,8,10.18,13.01,13,13,,,
2017-08-12,9,9.38,13.02,13.02,13,,,
2017-08-12,10,16.19,14.36,14.38,14.28,,,
2017-08-12,11,14.35,14.34,14.33,13.02,,,
2017-08-12,12,14.36,14.4,14.34,13.02,,,
2017-08-12,13,9.48,14.35,14.35,13.02,,,
2017-08-12,14,5.82,14.33,14.35,14.25,,,
2017-08-12,15,1.25,13.02,13.02,13.02,,,
2017-08-12,16,5.17,14.38,14.33,13.02,,,
2017-08-12,17,8.46,19,22,14.35,,,
2017-08-12,18,14.34,32.94,32.94,28,,,
2017-08-12,19,14.36,32.94,32.94,32.94,,,
2017-08-12,20,29.8,32.94,36,32.94,,,
2017-08-12,21,24.29,32.94,32.94,32.94,,,
2017-08-12,22,10.76,13.02,14.33,13.02,,,
2017-08-12,23,12.03,13.02,13.02,13.01,,,
2017-08-12,24,12.82,13.01,13.01,13,,,
2017-08-13,1,6.45,10,13,5.21,,,
2017-08-13,2,1.61,0,0,0,,,
2017-08-13,3,-3.59,0,0,-3,,,
2017-08-13,4,-4,-3,0,-3,,,
2017-08-13,5,-4,-3,-0.25,-3,,,
2017-08-13,6,-3.83,0,0,-3,,,
2017-08-13,7,-0.67,-3,0,-3,,,
2017-08-13,8,9.32,13,5.85,6,,,
2017-08-13,9,7.62,13.02,13.31,5.85,,,
2017-08-13,10,9.22,13.33,13.33,13.02,,,
2017-08-13,11,15.25,16.02,16.02,30.53,,,
2017-08-13,12,14.36,14.36,14.38,30.53,,,
2017-08-13,13,14.39,15.02,20,31.21,,,
2017-08-13,14,20.16,33.16,33.16,33.16,,,
2017-08-13,15,16.99,33.16,34,33.16,,,
2017-08-13,16,55.54,33.16,33.16,33.16,,,
2017-08-13,17,41.86,38.15,33.16,33.16,,,
2017-08-13,18,18.68,35.7,33.7,33.16,,,
2017-08-13,19,42.53,33.16,33.16,33.16,,,
2017-08-13,20,30.13,33.83,33.16,33.16,,,
2017-08-13,21,52.3,35.23,37.29,33.83,,,
2017-08-13,22,39.33,33.16,33.16,33.16,,,
2017-08-13,23,6.94,13.34,13.32,13.32,,,
2017-08-13,24,0.51,13.03,13.3,13.03,,,
2017-08-14,1,5.84,13.02,13.02,13.01,,,
2017-08-14,2,9.26,13,13.01,13.01,,,
2017-08-14,3,10.61,13,13,13,,,
2017-08-14,4,7.92,7.87,13,4.87,,,
2017-08-14,5,6.88,13,13.01,13.01,,,
2017-08-14,6,11.95,13.31,13.33,13.34,,,
2017-08-14,7,8.97,17.17,18.12,30.19,,,
2017-08-14,8,14.35,25.14,25.14,24,,,
2017-08-14,9,14.82,24,21,19.9,,,
2017-08-14,10,14.37,30.53,30.53,16,,,
2017-08-14,11,30.03,32.25,33.16,32.24,,,
2017-08-14,12,35.09,35.1,35.11,34.07,,,
2017-08-14,13,35.12,34.09,37.16,33.23,,,
2017-08-14,14,34.38,35.09,34.31,35.13,,,
2017-08-14,15,34.43,35.09,33.99,33.32,,,
2017-08-14,16,39.34,37.11,37.12,35.09,,,
2017-08-14,17,40.49,41.66,40.87,37.11,,,
2017-08-14,18,35.02,41.66,40.57,37.11,,,
2017-08-14,19,33.68,40.57,40.71,37.11,,,
2017-08-14,20,33.68,33.99,38.08,38.2,,,
2017-08-14,21,29.95,32.5,33.19,36.9,,,
2017-08-14,22,25.24,30,30.53,32.1,,,
2017-08-14,23,14.39,30.16,30.16,30.56,,,
2017-08-14,24,13.35,30.16,30.16,30.16,,,
2017-08-15,1,10.43,13.02,13.02,13.02,,,
2017-08-15,2,12.05,13,13.01,13.01,,,
2017-08-15,3,10.06,13,13,13,,,
2017-08-15,4,0.4,13,5.35,3,,,
2017-08-15,5,10.4,13.01,13.02,13.01,,,
2017-08-15,6,26.51,32.56,33.16,33.16,,,
2017-08-15,7,31.22,33.16,33.16,33.16,,,
2017-08-15,8,35.97,33.16,33.16,33.16,,,
2017-08-15,9,39.5,32.32,33.16,33.16,,,
2017-08-15,10,30.52,32.03,31.99,32.04,,,
2017-08-15,11,30.73,31.2,31.2,32.03,,,
2017-08-15,12,32.13,31.93,31.6,32.04,,,
2017-08-15,13,32.5,27.2,28.78,32.36,,,
2017-08-15,14,32.73,32.53,30.73,32.84,,,
2017-08-15,15,33.31,32.85,32.85,32.86,,,
2017-08-15,16,37.85,34.21,33.16,34.21,,,
2017-08-15,17,39.62,41.82,35.38,41.07,,,
2017-08-15,18,38.1,34.23,34.21,35.36,,,
2017-08-15,19,37.41,34.26,35.33,34.21,,,
2017-08-15,20,32.85,35.33,33.07,33.61,,,
2017-08-15,21,31.31,34.22,35.35,33.16,,,
2017-08-15,22,18.66,26.18,30.76,32.93,,,
2017-08-15,23,20.08,26,26,32.92,,,
2017-08-15,24,10.9,14.31,14.31,14.34,,,
2017-08-16,1,14.36,13.02,13.02,13.02,,,
2017-08-16,2,15.75,12.5,12.5,13.01,,,
2017-08-16,3,14.32,13.01,13,5.36,,,
2017-08-16,4,13.53,13.01,13.01,3,,,
2017-08-16,5,14.34,13.02,13.02,13.01,,,
2017-08-16,6,8.8,14.36,14.38,14.34,,,
2017-08-16,7,4.45,14.38,14.34,14.32,,,
2017-08-16,8,19.85,28.6,28.6,28.49,,,
2017-08-16,9,19.97,26.2,28.6,32.38,,,
2017-08-16,10,14.38,32.05,32,32.13,,,
2017-08-16,11,31.96,32.1,32.11,32.38,,,
2017-08-16,12,33.26,33.89,33.89,33.89,,,
2017-08-16,13,34.16,34.16,34.13,33.59,,,
2017-08-16,14,34.63,35.23,35.18,34.12,,,
2017-08-16,15,34.79,35.25,34.41,33.49,,,
2017-08-16,16,39.53,35,35.24,36,,,
2017-08-16,17,71.29,36.09,42.34,35.41,,,
2017-08-16,18,35.5,36.09,35.39,38.39,,,
2017-08-16,19,34.08,36.63,36,34.12,,,
2017-08-16,20,33.8,33.94,33.94,36.23,,,
2017-08-16,21,40.14,35,34.25,34.26,,,
2017-08-16,22,23.71,33.29,33.29,33.28,,,
2017-08-16,23,8.79,14.33,14.34,14.34,,,
2017-08-16,24,11.49,14.39,14.41,16.01,,,
2017-08-17,1,0.69,13.01,13.01,13.01,,,
2017-08-17,2,0,0,3,10,,,
2017-08-17,3,-2.77,-0.02,0,0,,,
2017-08-17,4,-3,0,0,-0.1,,,
2017-08-17,5,-0.25,0,0,0,,,
2017-08-17,6,0,13.01,14.26,14.32,,,
2017-08-17,7,-0.5,14.03,14.03,14.35,,,
2017-08-17,8,9.36,14.02,14.03,14.38,,,
2017-08-17,9,9.27,14.33,14.29,14.41,,,
2017-08-17,10,38.32,13.39,17.07,13,,,
2017-08-17,11,14.06,16,16,13.31,,,
2017-08-17,12,13.61,13.38,16,13,,,
2017-08-17,13,13.34,15.08,15.88,13.38,,,
2017-08-17,14,22.25,19.13,18.88,15.65,,,
2017-08-17,15,15.57,21.25,21.25,14,,,
2017-08-17,16,18.63,37,33.35,33.35,,,
2017-08-17,17,8.22,24.03,30.16,30.32,,,
2017-08-17,18,13.36,13.39,25,32.25,,,
2017-08-17,19,13.34,13.32,13.37,13.03,,,
2017-08-17,20,89.62,25,27,31.83,,,
2017-08-17,21,13.58,30.19,28,13.34,,,
2017-08-17,22,23.36,16.38,14.4,13.38,,,
2017-08-17,23,22.88,13,13.31,13.31,,,
2017-08-17,24,11.89,3,3,13,,,
2017-08-18,1,0.42,0,0,0,,,
2017-08-18,2,0,0,0,0,,,
2017-08-18,3,0,0,0,0,,,
2017-08-18,4,0,0,0,0,,,
2017-08-18,5,3.32,3,3,0,,,
2017-08-18,6,0,12.87,12.99,13.01,,,
2017-08-18,7,5.55,13.32,13.32,13.02,,,
2017-08-18,8,24.45,13.36,13.38,13.34,,,
2017-08-18,9,14.77,13.38,22.15,13.37,,,
2017-08-18,10,11.93,34.17,30,13.38,,,
2017-08-18,11,14.77,19.13,30,13.36,,,
2017-08-18,12,33.63,34.62,34.23,31.58,,,
2017-08-18,13,29.78,33.88,34.53,31.3,,,
2017-08-18,14,31.37,33.89,34.51,33.72,,,
2017-08-18,15,19.32,32.33,33.51,33.5,,,
2017-08-18,16,29.76,33.54,34.05,33.5,,,
2017-08-18,17,29.86,32.82,32.82,34.05,,,
2017-08-18,18,13.36,30.08,32.07,13.38,,,
2017-08-18,19,11.53,18,15.88,13.38,,,
2017-08-18,20,9.09,28.65,28.15,13.37,,,
2017-08-18,21,14.94,43.68,39.61,20.12,,,
2017-08-18,22,28.7,22.15,28,22.15,,,
2017-08-18,23,21.09,13.33,13.36,30.08,,,
2017-08-18,24,11.98,13.25,13.02,13.25,,,
2017-08-19,1,10.85,13.01,13.01,13,,,
2017-08-19,2,12.63,3,4.78,0,,,
2017-08-19,3,4.43,0,0,0,,,
2017-08-19,4,-2.54,0,0,0,,,
2017-08-19,5,-0.55,0,0,0,,,
2017-08-19,6,-3.42,-3,-3,-0.25,,,
2017-08-19,7,-2.36,0,0,0,,,
2017-08-19,8,2.53,13.01,13,13,,,
2017-08-19,9,12.72,13.01,13,13,,,
2017-08-19,10,2.77,13.02,13.02,13,,,
2017-08-19,11,1.75,13.31,13.02,13.02,,,
2017-08-19,12,4.62,13.32,13.31,13.02,,,
2017-08-19,13,5.36,13.02,13.25,13.02,,,
2017-08-19,14,0,13.25,13.23,13.2,,,
2017-08-19,15,0,13.03,13.3,13.03,,,
2017-08-19,16,0.43,13.28,13.34,13.34,,,
2017-08-19,17,3.34,13.03,13.03,13.34,,,
2017-08-19,18,12.2,13.02,13.3,13.03,,,
2017-08-19,19,10.89,13.02,13.02,13.28,,,
2017-08-19,20,10.92,13.32,13.03,13.2,,,
2017-08-19,21,7.19,13.02,13.02,13.01,,,
2017-08-19,22,7.71,13.25,13.02,13.01,,,
2017-08-19,23,6.64,6.1,13,13,,,
2017-08-19,24,4.8,6.08,6.06,6.06,,,
2017-08-20,1,-1.84,10,5.06,4.76,,,
2017-08-20,2,-3.93,-3,0,-0.02,,,
2017-08-20,3,-3.94,-3,-3,-3,,,
2017-08-20,4,-4.04,-3,-3,-3,,,
2017-08-20,5,-4.08,-4,-3,-3,,,
2017-08-20,6,-4,-4,-4,-4,,,
2017-08-20,7,-4.1,-4,-4,-4.1,,,
2017-08-20,8,-2.85,4.76,12.12,0,,,
2017-08-20,9,7.01,13,13.01,7.2,,,
2017-08-20,10,-0.11,13.01,13.01,13.01,,,
2017-08-20,11,8.74,13,13.01,13.01,,,
2017-08-20,12,9.58,13.01,13.01,13.01,,,
2017-08-20,13,13.33,13,13.01,13.01,,,
2017-08-20,14,10.84,13.01,13.01,13.01,,,
2017-08-20,15,5.25,13.32,13.32,13.32,,,
2017-08-20,16,19.79,21.21,28.25,14.4,,,
2017-08-20,17,27.78,23.81,26.82,23.81,,,
2017-08-20,18,50.98,19.17,33.58,30.83,,,
2017-08-20,19,22.17,24.77,31.82,29,,,
2017-08-20,20,32.73,27.03,25.91,27.02,,,
2017-08-20,21,20.78,33.68,18.98,14.39,,,
2017-08-20,22,12,14.38,14.37,13.01,,,
2017-08-20,23,8.8,14.38,14.37,14.33,,,
2017-08-20,24,5.28,13.01,13.01,13.01,,,
2017-08-21,1,0,13.02,13.02,13.39,,,
2017-08-21,2,0,13,13,12.07,,,
2017-08-21,3,0,13,5.33,0,,,
2017-08-21,4,3.13,4.8,13,0,,,
2017-08-21,5,3.06,13,13.3,13.32,,,
2017-08-21,6,0,13.3,13.02,13.02,,,
2017-08-21,7,7.16,20.05,20.05,31.8,,,
2017-08-21,8,13.92,32.72,32.72,32.72,,,
2017-08-21,9,16.8,25.57,33.66,33.66,,,
2017-08-21,10,19.29,32.16,32.72,37.7,,,
2017-08-21,11,28.91,33.71,33.71,34.81,,,
2017-08-21,12,28.16,35.41,38.6,39.87,,,
2017-08-21,13,33.87,41.75,41.76,41.75,,,
2017-08-21,14,34.43,41.76,41.75,46.49,,,
2017-08-21,15,30.98,41.29,41.29,41.75,,,
2017-08-21,16,34.24,36.66,38.73,41.67,,,
2017-08-21,17,37.86,33.68,36.66,41.75,,,
2017-08-21,18,37.52,40.04,34.84,40.54,,,
2017-08-21,19,34.65,38.45,36.66,36.17,,,
2017-08-21,20,34.4,36.6,34.85,35.8,,,
2017-08-21,21,32.88,33.57,34.81,34.87,,,
2017-08-21,22,28.17,33.11,33.11,33.54,,,
2017-08-21,23,15.02,23.43,28.81,30.17,,,
2017-08-21,24,1.92,13.34,13.34,30.14,,,
2017-08-22,1,0,13.25,13.3,13.34,,,
2017-08-22,2,0,13.02,13.02,13.02,,,
2017-08-22,3,0,5.33,13.01,13,,,
2017-08-22,4,0,13,13,4.86,,,
2017-08-22,5,0,13.02,13.3,13.01,,,
2017-08-22,6,0,13.32,13.31,13.33,,,
2017-08-22,7,4.85,29.65,28,13.34,,,
2017-08-22,8,20.76,20.13,20.13,13.36,,,
2017-08-22,9,21.35,25.5,20.13,13.23,,,
2017-08-22,10,22.67,20.13,23.13,13.39,,,
2017-08-22,11,55.42,13.36,13.34,13.35,,,
2017-08-22,12,40.22,13.33,13.33,13.01,,,
2017-08-22,13,10.44,16,13.02,13.02,,,
2017-08-22,14,6.71,18.92,18.93,13.33,,,
2017-08-22,15,6.31,16,15.8,18.93,,,
2017-08-22,16,21.18,15.4,16.1,14.4,,,
2017-08-22,17,16.23,21.29,18.55,19.19,,,
2017-08-22,18,13.76,31.16,25.17,13.84,,,
2017-08-22,19,9.1,24.79,25.17,24.78,,,
2017-08-22,20,9.68,15.5,15.5,30.36,,,
2017-08-22,21,9.49,13.37,14.2,13.32,,,
2017-08-22,22,3.12,13.25,13.34,13.02,,,
2017-08-22,23,0.86,0,4.85,13.02,,,
2017-08-22,24,-0.25,0,0,13,,,
2017-08-23,1,0,0,0,0,,,
2017-08-23,2,0,0,0,0,,,
2017-08-23,3,-1.55,-0.02,0,0,,,
2017-08-23,4,-3,-0.02,-0.02,0,,,
2017-08-23,5,-0.51,0,0,0,,,
2017-08-23,6,-0.5,13.01,13.01,4.86,,,
2017-08-23,7,-0.28,13.02,13.1,13.02,,,
2017-08-23,8,3.65,13.02,13.02,13.01,,,
2017-08-23,9,7.44,13.02,14.32,13.02,,,
2017-08-23,10,0,13.02,13.01,13.02,,,
2017-08-23,11,5.73,6.11,13.01,13.02,,,
2017-08-23,12,8.49,13.01,13.01,13.02,,,
2017-08-23,13,6.03,13.02,13.02,13.02,,,
2017-08-23,14,5.26,13.02,13.02,13.02,,,
2017-08-23,15,8.36,14.4,14.4,13.35,,,
2017-08-23,16,14.81,27.88,25.81,25.81,,,
2017-08-23,17,48.34,14.4,32.04,27.58,,,
2017-08-23,18,18.64,27.88,15.13,19.62,,,
2017-08-23,19,14.39,34.54,23.4,15.13,,,
2017-08-23,20,14.85,28.55,30.66,37.06,,,
2017-08-23,21,11.63,14.37,15.44,14.4,,,
2017-08-23,22,16.28,25,21.11,13.02,,,
2017-08-23,23,6.29,6.1,13.02,13.02,,,
2017-08-23,24,2.04,0,4.86,13,,,
2017-08-24,1,10.36,0,13,5.33,,,
2017-08-24,2,0,0,0,0,,,
2017-08-24,3,0.51,0,-0.25,-3,,,
2017-08-24,4,-0.82,0,0,-3,,,
2017-08-24,5,12.74,13,5.33,11.45,,,
2017-08-24,6,18.07,13,13.01,14.39,,,
2017-08-24,7,21.95,13.33,13.33,13.02,,,
2017-08-24,8,21.44,13.36,13.37,13.35,,,
2017-08-24,9,61.24,13.37,14.52,13.37,,,
2017-08-24,10,19.13,33.2,13.34,13.33,,,
2017-08-24,11,68.32,20.12,36.59,20.13,,,
2017-08-24,12,13.34,13.33,13.34,38.96,,,
2017-08-24,13,10.83,13.33,13.34,20.12,,,
2017-08-24,14,5.78,13.34,13.33,18.26,,,
2017-08-24,15,6.08,13.32,13.32,13.37,,,
2017-08-24,16,13.35,26.53,26.72,29.51,,,
2017-08-24,17,19.69,34.39,31.65,36,,,
2017-08-24,18,22.31,26.47,31.58,34.56,,,
2017-08-24,19,14.85,21.13,20.58,33.81,,,
2017-08-24,20,20,26.47,30.11,37.02,,,
2017-08-24,21,13.38,13.38,13.35,33.32,,,
2017-08-24,22,16.22,13.35,13.34,13.02,,,
2017-08-24,23,9.64,13.3,13.3,13.02,,,
2017-08-24,24,9.26,13.02,13.01,13.02,,,
2017-08-25,1,8.09,13.01,13.01,13.01,,,
2017-08-25,2,14.31,13,13,13,,,
2017-08-25,3,14.33,3.2,13,4.85,,,
2017-08-25,4,14.34,13,13,10.13,,,
2017-08-25,5,19.25,14.33,14.32,14.33,,,
2017-08-25,6,19.1,30.01,14.36,14.35,,,
2017-08-25,7,8.27,14.35,14.34,14.33,,,
2017-08-25,8,8.81,14.34,14.33,14.36,,,
2017-08-25,9,14.35,14.4,14.39,14.34,,,
2017-08-25,10,14.34,14.37,24.89,14.37,,,
2017-08-25,11,17.03,33.5,30.45,15.2,,,
2017-08-25,12,14.39,30.45,14.37,14.35,,,
2017-08-25,13,16.07,15.2,21.97,14.34,,,
2017-08-25,14,12.27,19.45,14.4,14.39,,,
2017-08-25,15,14.35,14.36,14.36,14.33,,,
2017-08-25,16,15.72,14.37,14.38,19.06,,,
2017-08-25,17,39.86,16.96,20.12,22.96,,,
2017-08-25,18,19.56,15.12,14.36,14.37,,,
2017-08-25,19,14.34,14.37,14.36,14.36,,,
2017-08-25,20,35.37,27.13,27.13,35,,,
2017-08-25,21,18.39,15.25,18.16,31.42,,,
2017-08-25,22,7.63,14.34,14.34,14.37,,,
2017-08-25,23,8.11,14.31,14.31,14.35,,,
2017-08-25,24,0.89,14.25,14,13.02,,,
2017-08-26,1,10.47,0,5.27,5.27,,,
2017-08-26,2,14.28,13.01,13.01,13,,,
2017-08-26,3,11.82,13.01,13,8,,,
2017-08-26,4,7.5,13,13,5.27,,,
2017-08-26,5,14.15,13,13,13,,,
2017-08-26,6,11.11,13.01,13,13,,,
2017-08-26,7,-2.42,13.02,13.02,13.01,,,
2017-08-26,8,-2.83,13.01,13,10,,,
2017-08-26,9,5.07,13.02,13.01,13,,,
2017-08-26,10,1.4,13.02,13.02,13.01,,,
2017-08-26,11,5.75,13.02,13.02,13.02,,,
2017-08-26,12,2.59,13.03,13.02,13.02,,,
2017-08-26,13,2.87,13.02,13.02,13.01,,,
2017-08-26,14,5.43,13.01,13.02,13.02,,,
2017-08-26,15,6,13.02,13.02,13.01,,,
2017-08-26,16,8.95,13.01,13.02,13.01,,,
2017-08-26,17,9.12,13.03,13.03,13.02,,,
2017-08-26,18,6.15,13.03,13.03,13.03,,,
2017-08-26,19,6.41,13.03,13.03,14.32,,,
2017-08-26,20,12.28,13.03,13.03,14.34,,,
2017-08-26,21,8.14,13.03,13.03,13.01,,,
2017-08-26,22,8.81,13.02,13.02,13,,,
2017-08-26,23,7.61,13,13.01,13,,,
2017-08-26,24,5.93,13,13.01,13,,,
2017-08-27,1,-0.25,13,13,13,,,
2017-08-27,2,11.96,0,5.33,3,,,
2017-08-27,3,1.27,0,0,0,,,
2017-08-27,4,-0.02,-3,0,-0.02,,,
2017-08-27,5,0,0,0,0,,,
2017-08-27,6,0,0,0,0,,,
2017-08-27,7,-3.68,0,0,0,,,
2017-08-27,8,-1.61,0,0,0,,,
2017-08-27,9,-0.77,0,0,0,,,
2017-08-27,10,2.88,4.85,5.91,0,,,
2017-08-27,11,0.4,6.08,6.06,5.87,,,
2017-08-27,12,5.95,6.14,6.18,6.06,,,
2017-08-27,13,6.07,6.06,6.1,6.08,,,
2017-08-27,14,7.92,6.16,6.14,13,,,
2017-08-27,15,6.1,10.68,7.05,6.08,,,
2017-08-27,16,6.08,13,13.01,13,,,
2017-08-27,17,9.71,13.01,13.01,13.01,,,
2017-08-27,18,12.96,13,13,13,,,
2017-08-27,19,6.11,13,13,13,,,
2017-08-27,20,5.41,13,13,13,,,
2017-08-27,21,2.63,6.14,6.1,13,,,
2017-08-27,22,6.38,8,8,6.06,,,
2017-08-27,23,8.32,13,13,13,,,
2017-08-27,24,1.32,5.25,5.87,5.9,,,
2017-08-28,1,0,0,0,0,,,
2017-08-28,2,0,0,0,0,,,
2017-08-28,3,0,0,0,0,,,
2017-08-28,4,0,0,0,0,,,
2017-08-28,5,0.43,6.06,13,13,,,
2017-08-28,6,1.47,13,13.01,13.01,,,
2017-08-28,7,6.16,13,13.01,13.01,,,
2017-08-28,8,12.22,13,13,13,,,
2017-08-28,9,14.35,14,14.33,13,,,
2017-08-28,10,12.67,14.35,14.34,14.36,,,
2017-08-28,11,14.36,14.39,14.41,14.41,,,
2017-08-28,12,14.35,14.36,14.4,19.95,,,
2017-08-28,13,15.95,19.95,20.55,26.25,,,
2017-08-28,14,26.95,31.34,32.57,32.59,,,
2017-08-28,15,31.06,32.43,31.78,33.02,,,
2017-08-28,16,29.34,31.79,32.65,34.42,,,
2017-08-28,17,29.69,33.02,32.61,40.46,,,
2017-08-28,18,9.46,30.11,31.33,33.14,,,
2017-08-28,19,13.64,26.96,26.96,32.36,,,
2017-08-28,20,6,23.56,26,33,,,
2017-08-28,21,5.16,14.38,14.38,28.77,,,
2017-08-28,22,5.71,13.03,14.29,13.01,,,
2017-08-28,23,6.08,6.18,13.01,14.26,,,
2017-08-28,24,8.83,6.08,6.18,6.2,,,
2017-08-29,1,13.31,13.01,13,13.01,,,
2017-08-29,2,13.31,13,13,13,,,
2017-08-29,3,12.7,13,13,7.75,,,
2017-08-29,4,12.1,12.41,12.41,12.41,,,
2017-08-29,5,6.92,13.33,13.33,13.32,,,
2017-08-29,6,12.74,14.39,13.38,13.36,,,
2017-08-29,7,19.3,20,22.16,20,,,
2017-08-29,8,25.55,23.3,23,19.48,,,
2017-08-29,9,23.95,22.46,16.91,17.17,,,
2017-08-29,10,30.2,32.16,32.46,33.48,,,
2017-08-29,11,26.21,31.82,31,33.32,,,
2017-08-29,12,30.1,32.4,33,33.49,,,
2017-08-29,13,29.06,33,31.62,33.36,,,
2017-08-29,14,33.26,32.6,33.3,33.35,,,
2017-08-29,15,33.34,33.3,32.6,33.49,,,
2017-08-29,16,33.31,32.62,32.62,33.35,,,
2017-08-29,17,32.33,33.03,31.81,34.58,,,
2017-08-29,18,27.55,30.31,31.65,31.96,,,
2017-08-29,19,27.58,34.58,33.72,38.14,,,
2017-08-29,20,29.58,31.8,31.8,31.9,,,
2017-08-29,21,24.91,28.13,31.14,33.35,,,
2017-08-29,22,20.39,13.36,13.34,13.35,,,
2017-08-29,23,13.53,13.36,13.38,13.33,,,
2017-08-29,24,7.65,13.29,13.03,13.3,,,
2017-08-30,1,13.34,13.33,13.34,13.33,,,
2017-08-30,2,13.31,13.02,13.03,13.29,,,
2017-08-30,3,11.25,13.02,13.01,13.03,,,
2017-08-30,4,11.54,13.02,13.02,13.02,,,
2017-08-30,5,10.21,13.03,13.29,13.3,,,
2017-08-30,6,15.61,30.05,19.78,31.46,,,
2017-08-30,7,9.89,31.47,30.05,33.35,,,
2017-08-30,8,13.34,26.37,29,33.33,,,
2017-08-30,9,13.33,30.05,30.05,33.34,,,
2017-08-30,10,14.98,32.55,32.55,32.55,,,
2017-08-30,11,22.85,21.86,21.85,33.02,,,
2017-08-30,12,33.1,32.89,33.13,33.13,,,
2017-08-30,13,33.16,33.12,32.9,33.16,,,
2017-08-30,14,32.82,32.93,32.92,32.96,,,
2017-08-30,15,23.86,32.89,32.89,33.13,,,
2017-08-30,16,29.37,32.82,32.96,33.13,,,
2017-08-30,17,29.92,32.9,32.85,33.48,,,
2017-08-30,18,30.61,31.91,31.92,32.31,,,
2017-08-30,19,30.03,31.91,31.86,32.44,,,
2017-08-30,20,31.25,31.91,32.17,31.92,,,
2017-08-30,21,28.17,33.03,33.18,33.27,,,
2017-08-30,22,11.37,28.5,22.64,33,,,
2017-08-30,23,6.99,13.31,13.36,13.36,,,
2017-08-30,24,2.46,13.03,13.03,13.03,,,
2017-08-31,1,5.58,5.92,13.02,13.02,,,
2017-08-31,2,9.08,0,13,13.01,,,
2017-08-31,3,10.32,0,0,0,,,
2017-08-31,4,0.84,0,0,0,,,
2017-08-31,5,9.16,0,0,0,,,
2017-08-31,6,10.2,13,13,13,,,
2017-08-31,7,7.99,13.32,13.31,13.02,,,
2017-08-31,8,13.32,13.02,13.02,13.32,,,
2017-08-31,9,0,13.31,13.22,13.29,,,
2017-08-31,10,2.14,13.27,13.2,13.02,,,
2017-08-31,11,0,13.02,13.02,13.02,,,
2017-08-31,12,7,13,13.02,13.01,,,
2017-08-31,13,7.36,6.06,13,13.01,,,
2017-08-31,14,0,13,13,13,,,
2017-08-31,15,0,6.12,6.19,6.08,,,
2017-08-31,16,0,6.06,13,13,,,
2017-08-31,17,0,13,13,13.01,,,
2017-08-31,18,0,6.06,13,6.2,,,
2017-08-31,19,1.95,6.12,13,13.01,,,
2017-08-31,20,6.11,13,13.01,13.02,,,
2017-08-31,21,3.58,13,13,13.01,,,
2017-08-31,22,0.44,13,13,6.08,,,
2017-08-31,23,2.41,6.08,6.1,6,,,
2017-08-31,24,0,0,5.93,0,,,
2017-09-01,1,0,0,0,0,,,
2017-09-01,2,-0.07,0,0,0,,,
2017-09-01,3,-3,-0.1,-0.25,-0.25,,,
2017-09-01,4,-3,0,0,0,,,
2017-09-01,5,-0.28,0,0,0,,,
2017-09-01,6,-0.77,13.34,13.35,13.33,,,
2017-09-01,7,-0.51,13,13.01,13.01,,,
2017-09-01,8,1.9,13.01,13.02,13.02,,,
2017-09-01,9,14.36,13,13.01,13.02,,,
2017-09-01,10,5.68,13.02,13.02,13.02,,,
2017-09-01,11,5.23,13.01,13.01,14.34,,,
2017-09-01,12,5.23,13,13,13.01,,,
2017-09-01,13,-0.55,10,13,13.01,,,
2017-09-01,14,-1.77,13.01,13.01,13.01,,,
2017-09-01,15,0.41,13,13,13.01,,,
2017-09-01,16,8.82,6.12,6.12,13.02,,,
2017-09-01,17,25.01,6.1,13,6.12,,,
2017-09-01,18,15.98,6.12,6.1,13,,,
2017-09-01,19,6.1,13.01,13,13.01,,,
2017-09-01,20,6.09,13.01,13.01,13.02,,,
2017-09-01,21,6.88,13,13,13.01,,,
2017-09-01,22,7.24,6.1,6.1,6.08,,,
2017-09-01,23,4.79,5.92,5.92,5.13,,,
2017-09-01,24,4.1,5.92,5.92,5.92,,,
2017-09-02,1,9.28,0,0,-0.1,,,
2017-09-02,2,0,0,-0.25,-3,,,
2017-09-02,3,0,0,0,-3,,,
2017-09-02,4,-0.08,0,0,0,,,
2017-09-02,5,0,0,0,0,,,
2017-09-02,6,0,0,0,0,,,
2017-09-02,7,-1.31,0,0,0,,,
2017-09-02,8,-0.02,0,0,0,,,
2017-09-02,9,0,0,0,0,,,
2017-09-02,10,0,0,0,1,,,
2017-09-02,11,0,4.72,0,0,,,
2017-09-02,12,0,0,6.08,4.41,,,
2017-09-02,13,1.65,5.92,5.92,5.92,,,
2017-09-02,14,5.79,5.25,4.83,5.92,,,
2017-09-02,15,5.52,6.1,6.1,5.13,,,
2017-09-02,16,6.4,12.56,6.19,6.1,,,
2017-09-02,17,5.67,13,13,13,,,
2017-09-02,18,13.33,13.01,13.02,13.01,,,
2017-09-02,19,38.88,13.02,13.01,13.01,,,
2017-09-02,20,21.92,13.32,13.22,13.02,,,
2017-09-02,21,20.1,13.01,13.02,13.01,,,
2017-09-02,22,12.97,6.1,6,12.21,,,
2017-09-02,23,14.35,9.11,9.11,9.11,,,
2017-09-02,24,11.6,6,5.96,6.07,,,
2017-09-03,1,16.93,6.12,12.13,6.02,,,
2017-09-03,2,14.36,4.85,4.83,4.83,,,
2017-09-03,3,14.34,4.66,4.66,0,,,
2017-09-03,4,14.33,4.65,0,0,,,
2017-09-03,5,8.79,4.23,4.23,6.02,,,
2017-09-03,6,-0.25,13,4.83,13,,,
2017-09-03,7,-2.04,0,0,0,,,
2017-09-03,8,7.9,0,0,13,,,
2017-09-03,9,14.36,1.28,6.1,12.93,,,
2017-09-03,10,41.4,6.06,6.06,6.06,,,
2017-09-03,11,14.34,12.69,6.1,5.96,,,
2017-09-03,12,14.33,6.12,10.17,5.27,,,
2017-09-03,13,4.24,6.1,4.83,6.1,,,
2017-09-03,14,1.21,6.02,6.56,0,,,
2017-09-03,15,0,0,0,5.27,,,
2017-09-03,16,1.88,12.88,12.88,13,,,
2017-09-03,17,4.03,13,13,14.24,,,
2017-09-03,18,10.26,13,13,13.01,,,
2017-09-03,19,12.32,13.01,13.01,13.01,,,
2017-09-03,20,4.42,13.02,13.02,14.33,,,
2017-09-03,21,2.4,13,13,13,,,
2017-09-03,22,3.1,0,5.92,5.92,,,
2017-09-03,23,0.4,0,0,13,,,
2017-09-03,24,-0.27,0,0,0,,,
2017-09-04,1,-0.3,0,0,0,,,
2017-09-04,2,-3,0,0,0,,,
2017-09-04,3,-3,-3,-0.25,0,,,
2017-09-04,4,-3,-3,-3,0,,,
2017-09-04,5,-3,0,-0.02,0,,,
2017-09-04,6,-3,-0.02,0,0,,,
2017-09-04,7,-3,-3,-3,-0.25,,,
2017-09-04,8,-2.03,0,0,0,,,
2017-09-04,9,-0.01,0,0,0,,,
2017-09-04,10,0,0,0,0,,,
2017-09-04,11,0,0,0,0,,,
2017-09-04,12,0,0,0,0,,,
2017-09-04,13,0,0,0,0,,,
2017-09-04,14,0,0,0,0,,,
2017-09-04,15,0,0,0,0,,,
2017-09-04,16,5.63,0,0,0,,,
2017-09-04,17,11.89,1.56,6.1,6.1,,,
2017-09-04,18,3.79,3.56,4.83,6.1,,,
2017-09-04,19,5.42,8.88,6.06,6.06,,,
2017-09-04,20,6.14,13,13,13,,,
2017-09-04,21,9.64,13,13,13,,,
2017-09-04,22,6.7,10.41,6.12,6.1,,,
2017-09-04,23,9.09,5.11,6.1,6.06,,,
2017-09-04,24,10.4,5.13,0,6.1,,,
2017-09-05,1,10.88,5.13,0,0,,,
2017-09-05,2,-0.01,0,0,-0.02,,,
2017-09-05,3,-1,-3,-3,-3,,,
2017-09-05,4,13.33,-3,-3,-3,,,
2017-09-05,5,12.85,12.16,0.06,7.39,,,
2017-09-05,6,12.53,13.39,13.39,13.36,,,
2017-09-05,7,11.66,13.34,13.02,13.02,,,
2017-09-05,8,10.2,13.02,13.02,13.02,,,
2017-09-05,9,4.99,13.38,13.02,13.02,,,
2017-09-05,10,0,13.02,13.02,13.02,,,
2017-09-05,11,0,13.14,13.02,14.4,,,
2017-09-05,12,7.17,13.28,13.36,13.35,,,
2017-09-05,13,0,13.34,13.02,13.34,,,
2017-09-05,14,0.82,14.01,14.01,28,,,
2017-09-05,15,13.63,19,19,24.01,,,
2017-09-05,16,33.76,21,22.01,22.01,,,
2017-09-05,17,50.58,25.01,25.01,25.02,,,
2017-09-05,18,13.47,30,30,32,,,
2017-09-05,19,27.54,33.03,33.03,33.02,,,
2017-09-05,20,56.05,35,37.17,50,,,
2017-09-05,21,51.43,33.03,33.03,33.03,,,
2017-09-05,22,6.75,13.01,13.01,13.02,,,
2017-09-05,23,8.91,13.01,13,13,,,
2017-09-05,24,12.74,8,8,13,,,
2017-09-06,1,11.12,-3,-3,-3,,,
2017-09-06,2,13.62,-3,-3,-4,,,
2017-09-06,3,12.67,-3,-4,-4,,,
2017-09-06,4,-3.27,-3,-3,-3,,,
2017-09-06,5,3.26,13.34,13.34,13.33,,,
2017-09-06,6,17.15,14.39,13.02,13.32,,,
2017-09-06,7,9.27,39.19,13.02,13.02,,,
2017-09-06,8,0,17,23.34,20,,,
2017-09-06,9,13.31,14.39,17,18,,,
2017-09-06,10,20.01,33.03,33.03,33.01,,,
2017-09-06,11,28.57,33.03,33.03,33.03,,,
2017-09-06,12,13.36,13.26,13.37,32.53,,,
2017-09-06,13,13.37,13.02,13.02,33.03,,,
2017-09-06,14,13.61,13.36,13.02,30.12,,,
2017-09-06,15,14.34,13.36,13.36,30.12,,,
2017-09-06,16,32.51,33.03,33.03,33.03,,,
2017-09-06,17,19.71,14.64,16.82,22.64,,,
2017-09-06,18,26.47,30.19,30.19,33.01,,,
2017-09-06,19,35.28,29.56,30.49,33.03,,,
2017-09-06,20,21.91,31.73,14.39,35,,,
2017-09-06,21,8.03,13.33,13.25,13.36,,,
2017-09-06,22,4.01,13.02,6.1,6.1,,,
2017-09-06,23,12.83,13.02,13.02,13.01,,,
2017-09-06,24,8.76,13,13,13,,,
2017-09-07,1,-3.25,-3,-3,-3,,,
2017-09-07,2,-2.42,-3,-3,-3,,,
2017-09-07,3,-3.67,-3,-3,-4,,,
2017-09-07,4,-3.35,-3,-3,-3,,,
2017-09-07,5,-3.18,0,-0.25,-1,,,
2017-09-07,6,-1.98,13.01,13.01,13,,,
2017-09-07,7,4.09,13.02,13.02,13.02,,,
2017-09-07,8,5.83,13.02,13.02,13.02,,,
2017-09-07,9,13.37,13.01,13.01,13.01,,,
2017-09-07,10,7.3,13.02,13.02,14.4,,,
2017-09-07,11,4.47,13.02,13.02,13.38,,,
2017-09-07,12,0,13.03,13.02,13.39,,,
2017-09-07,13,3.86,13.01,13.02,13.26,,,
2017-09-07,14,0,4.93,6.08,6.08,,,
2017-09-07,15,0.41,5.96,6.12,6.12,,,
2017-09-07,16,7.31,13,13.01,13.36,,,
2017-09-07,17,13.33,6.2,13.01,20,,,
2017-09-07,18,1.4,13,13,13.34,,,
2017-09-07,19,8.05,13.01,13.01,28.81,,,
2017-09-07,20,6.11,13.34,13.33,32.68,,,
2017-09-07,21,4.67,13.02,13.02,13.01,,,
2017-09-07,22,-0.75,0,6,6.08,,,
2017-09-07,23,0.57,0,0,4.93,,,
2017-09-07,24,-0.96,-3,-3,-3,,,
2017-09-08,1,-3.76,-3,-3,-3,,,
2017-09-08,2,-3.93,-3,-3,-3,,,
2017-09-08,3,-4,-3,-3,-3,,,
2017-09-08,4,-3.83,-3,-3,-3,,,
2017-09-08,5,-1.58,0,0,8.26,,,
2017-09-08,6,5.38,13.35,13.36,13.36,,,
2017-09-08,7,10.91,13.03,13.03,13.02,,,
2017-09-08,8,12.73,13.03,13.02,13.02,,,
2017-09-08,9,6.08,13.02,13.02,13.02,,,
2017-09-08,10,8.51,13,13,13.38,,,
2017-09-08,11,9.87,8.97,8.97,23,,,
2017-09-08,12,6.62,12.16,12.06,13.36,,,
2017-09-08,13,2.74,12.16,6.12,13.33,,,
2017-09-08,14,0,13,13,13.32,,,
2017-09-08,15,0,6.12,6.12,12.16,,,
2017-09-08,16,1.46,6.2,13.01,13.37,,,
2017-09-08,17,5.83,15,13.39,27.83,,,
2017-09-08,18,0.28,6.78,13.01,15.56,,,
2017-09-08,19,9.46,6.78,6.9,26.28,,,
2017-09-08,20,13.5,29.78,29.78,32.76,,,
2017-09-08,21,11.56,13.01,13.01,21.29,,,
2017-09-08,22,7.58,12.56,6.18,6.08,,,
2017-09-08,23,5.06,6.1,6.08,4.86,,,
2017-09-08,24,-0.1,0,0,0,,,
2017-09-09,1,-0.51,-3,-3,-3,,,
2017-09-09,2,-1.55,-3,-3,-3,,,
2017-09-09,3,-3.08,-3,-3,-3,,,
2017-09-09,4,-3,-3,-3,-3,,,
2017-09-09,5,-2.5,0,0,0,,,
2017-09-09,6,-1.01,-0.25,-0.1,-0.1,,,
2017-09-09,7,-0.77,5.15,-1,-3,,,
2017-09-09,8,1.32,5.96,5.96,0,,,
2017-09-09,9,1.21,5.92,6.18,5.96,,,
2017-09-09,10,3.95,5.92,5.92,5.25,,,
2017-09-09,11,2.25,6.12,5.96,4.85,,,
2017-09-09,12,-0.75,0,6.12,0,,,
2017-09-09,13,0,6,6.1,5.92,,,
2017-09-09,14,0,6.08,6.1,6.1,,,
2017-09-09,15,2.19,0,6.1,5.96,,,
2017-09-09,16,6.67,6.1,6.1,11,,,
2017-09-09,17,9.64,6.1,6.97,6.08,,,
2017-09-09,18,11.37,6.18,6.12,13.33,,,
2017-09-09,19,12.55,12.28,12.28,13.34,,,
2017-09-09,20,10.34,20.47,20.47,30.13,,,
2017-09-09,21,5.42,13.01,13.01,13.38,,,
2017-09-09,22,6.52,6.1,6.2,10,,,
2017-09-09,23,9.62,6.18,6.16,13.26,,,
2017-09-09,24,2.04,5.92,5.15,0,,,
2017-09-10,1,0,0,0,0,,,
2017-09-10,2,0,-3,-3,-3,,,
2017-09-10,3,0,-3,-3,-3,,,
2017-09-10,4,0,-3,-3,-3,,,
2017-09-10,5,5.8,0,0,0,,,
2017-09-10,6,13.32,5.15,4.83,0,,,
2017-09-10,7,13.33,4.19,4.19,0,,,
2017-09-10,8,-2.69,6.56,0,0,,,
2017-09-10,9,-3.08,6.01,6,-3,,,
2017-09-10,10,-3,0,6,6,,,
2017-09-10,11,6,6.18,6.03,5.93,,,
2017-09-10,12,6.78,7,9.54,6.02,,,
2017-09-10,13,5.91,9,9,6.2,,,
2017-09-10,14,-3,6.1,6.1,6.1,,,
2017-09-10,15,5.87,6.1,6.1,10,,,
2017-09-10,16,1.95,13.01,6.16,9.24,,,
2017-09-10,17,11.62,13.02,13.02,13.01,,,
2017-09-10,18,44.35,16,17.18,24.95,,,
2017-09-10,19,163.34,26.2,24.78,31.78,,,
2017-09-10,20,14.37,31.78,31.78,31.78,,,
2017-09-10,21,10.21,13.01,13.01,14.53,,,
2017-09-10,22,7.38,9.24,6.08,6,,,
2017-09-10,23,8.15,13.01,13.01,6.18,,,
2017-09-10,24,6.46,10.56,9.98,9.98,,,
2017-09-11,1,1.72,12,12,8.64,,,
2017-09-11,2,2.78,6.69,5.23,6.69,,,
2017-09-11,3,0,2.35,1.56,5.23,,,
2017-09-11,4,2.61,0,0,0,,,
2017-09-11,5,2.16,13.34,13.36,13.35,,,
2017-09-11,6,15.87,34.8,32.14,29.84,,,
2017-09-11,7,20.81,29.94,29.83,29.94,,,
2017-09-11,8,9.69,25,25,31.01,,,
2017-09-11,9,14.34,31.78,31.78,35.3,,,
2017-09-11,10,14.38,29.34,31.78,31.78,,,
2017-09-11,11,14.39,14.36,16,29.34,,,
2017-09-11,12,11.42,13.01,13.01,19,,,
2017-09-11,13,13.4,13.01,13.01,18,,,
2017-09-11,14,6.79,13.01,13.01,26.46,,,
2017-09-11,15,11.63,14.35,14.34,23.37,,,
2017-09-11,16,14.35,14.4,14.38,26.34,,,
2017-09-11,17,26.6,27.74,30.85,30.85,,,
2017-09-11,18,14.35,14.36,14.36,26.86,,,
2017-09-11,19,30.79,28,28,28,,,
2017-09-11,20,22.56,29.04,29.04,29.6,,,
2017-09-11,21,24.24,29.34,24.82,19.86,,,
2017-09-11,22,10.13,13.23,13.23,14.4,,,
2017-09-11,23,5.09,6.1,6.1,6.1,,,
2017-09-11,24,2.44,13.01,12.89,13.01,,,
2017-09-12,1,10.27,8.28,8.56,11.74,,,
2017-09-12,2,9.07,5.13,5.92,13,,,
2017-09-12,3,11.54,6.07,6.23,9.06,,,
2017-09-12,4,12.73,6.15,6.08,13,,,
2017-09-12,5,9.62,13.31,13.26,13.29,,,
2017-09-12,6,7.89,13.38,13.37,13.37,,,
2017-09-12,7,12.74,13.39,13.38,31.78,,,
2017-09-12,8,22.31,31.78,31.78,31.78,,,
2017-09-12,9,21.02,31.78,31.78,31.78,,,
2017-09-12,10,19.5,30,31.27,31.46,,,
2017-09-12,11,23.33,30,30,31.78,,,
2017-09-12,12,14.46,31.78,31.78,31.78,,,
2017-09-12,13,14.33,31.78,31.78,31.78,,,
2017-09-12,14,14.37,31.78,31.78,31.78,,,
2017-09-12,15,29.84,31.78,34.18,34.18,,,
2017-09-12,16,31.31,31.78,33.18,34.06,,,
2017-09-12,17,32.94,31.78,32.75,35.76,,,
2017-09-12,18,32.04,30.78,30.78,31.24,,,
2017-09-12,19,32.19,31.72,31.18,31.67,,,
2017-09-12,20,33.6,39.83,34.21,34.18,,,
2017-09-12,21,30.75,33.96,33.96,34.18,,,
2017-09-12,22,25.37,31.78,31.78,31.78,,,
2017-09-12,23,11.44,14.36,14.39,31.17,,,
2017-09-12,24,8.51,13.02,13.02,13.03,,,
2017-09-13,1,13.33,13.01,13.01,13.01,,,
2017-09-13,2,9.7,13,13,13,,,
2017-09-13,3,11.29,7.43,7.43,0,,,
2017-09-13,4,5,11.84,11.84,4.28,,,
2017-09-13,5,5.95,13.33,13.33,13.32,,,
2017-09-13,6,11.05,32,19,23.88,,,
2017-09-13,7,12.65,13.39,14.38,31.76,,,
2017-09-13,8,32.23,32.14,32.17,32.17,,,
2017-09-13,9,43.25,32.17,32.17,32.17,,,
2017-09-13,10,35.43,32.17,32.17,32.17,,,
2017-09-13,11,31.95,32.17,32.17,32.17,,,
2017-09-13,12,53.42,31.4,32.17,32.17,,,
2017-09-13,13,39.41,31.4,25.18,32.17,,,
2017-09-13,14,27.23,14.39,14.35,32.17,,,
2017-09-13,15,21.55,27.6,14.39,14.4,,,
2017-09-13,16,32.04,33.65,33.65,32.41,,,
2017-09-13,17,36.34,35,35,37.32,,,
2017-09-13,18,36.02,36.14,36.14,37.31,,,
2017-09-13,19,40.49,37.19,37.19,41.41,,,
2017-09-13,20,37.66,36.37,36.37,41.56,,,
2017-09-13,21,34.49,34.04,34,36.4,,,
2017-09-13,22,25.74,32.39,32.38,32.33,,,
2017-09-13,23,19.75,32.13,32.13,32.13,,,
2017-09-13,24,14.23,14.35,14.35,32.17,,,
2017-09-14,1,25.8,28.13,14.4,27.13,,,
2017-09-14,2,14.37,13,13,19.34,,,
2017-09-14,3,29.02,13,13,19.35,,,
2017-09-14,4,14.36,13,13,13,,,
2017-09-14,5,16.9,14.35,14.34,14.35,,,
2017-09-14,6,22.87,33.15,33.15,33.15,,,
2017-09-14,7,32.47,35.94,34.53,34.53,,,
2017-09-14,8,15.86,34.47,34.41,33.15,,,
2017-09-14,9,14.36,32.9,33.52,34.4,,,
2017-09-14,10,28.03,34.51,34.53,34.5,,,
2017-09-14,11,34.49,34.47,35.68,36.04,,,
2017-09-14,12,34.5,34.53,34.48,35.67,,,
2017-09-14,13,34.8,35.58,34.48,36.3,,,
2017-09-14,14,35.32,35.73,36.86,36.87,,,
2017-09-14,15,36.44,37.1,37.1,37.11,,,
2017-09-14,16,38.19,39.22,39.22,39.22,,,
2017-09-14,17,38.71,38.26,39.22,39.28,,,
2017-09-14,18,38,39.22,36.48,37.11,,,
2017-09-14,19,36.35,40,39.26,39.26,,,
2017-09-14,20,35.37,41.58,40.29,41.58,,,
2017-09-14,21,34.58,37.52,37.39,39.62,,,
2017-09-14,22,32.58,35.67,35.68,37.34,,,
2017-09-14,23,21.53,28.06,32.78,34.42,,,
2017-09-14,24,15.91,14.36,14.39,27.13,,,
2017-09-15,1,20.82,13.01,13.01,24.09,,,
2017-09-15,2,12.13,13.01,13.01,13.01,,,
2017-09-15,3,12.03,13.01,13.01,13.01,,,
2017-09-15,4,17.92,13.01,13.01,13.01,,,
2017-09-15,5,7.82,13.01,13.01,13.01,,,
2017-09-15,6,20.56,32.91,33.65,33.65,,,
2017-09-15,7,21.55,32.14,32.79,33.65,,,
2017-09-15,8,12.93,31.09,32.16,32.14,,,
2017-09-15,9,29.96,32.36,33.08,35,,,
2017-09-15,10,32.82,32.82,32.82,33.25,,,
2017-09-15,11,33.03,33.05,33.74,33.11,,,
2017-09-15,12,32.75,33.11,32.78,33.57,,,
2017-09-15,13,35.09,36.67,36.67,36.11,,,
2017-09-15,14,35.98,33.83,36.56,36.56,,,
2017-09-15,15,36.87,36.04,34.15,37.34,,,
2017-09-15,16,40.17,37.33,36.56,36.08,,,
2017-09-15,17,41.2,37.34,40.86,36.56,,,
2017-09-15,18,36.19,37.34,37.34,37.3,,,
2017-09-15,19,40.82,42.76,40.86,37.88,,,
2017-09-15,20,37.78,40.86,40.86,35.95,,,
2017-09-15,21,38.53,41.61,42,36.05,,,
2017-09-15,22,32.52,35,35,35,,,
2017-09-15,23,14.22,31.39,30.3,32.67,,,
2017-09-15,24,12.42,8.51,25,14.66,,,
2017-09-16,1,21.79,12.05,12.06,19.84,,,
2017-09-16,2,17.64,13.01,13.01,13.01,,,
2017-09-16,3,20.81,13,13,13,,,
2017-09-16,4,12.05,12.05,12.06,12.05,,,
2017-09-16,5,11.82,11.82,11.86,11.84,,,
2017-09-16,6,0.47,11.75,11.76,12.12,,,
2017-09-16,7,-1.5,13.02,13.01,13.01,,,
2017-09-16,8,16.37,33.98,33.98,33.98,,,
2017-09-16,9,27.55,33.98,33.98,33.98,,,
2017-09-16,10,31.63,32.78,33.32,33.98,,,
2017-09-16,11,22.11,32.14,30.33,33.32,,,
2017-09-16,12,28.8,32.33,32.33,33.04,,,
2017-09-16,13,29.27,33.27,33.02,35.73,,,
2017-09-16,14,29,33.98,34.04,35,,,
2017-09-16,15,32.4,35.74,35.74,37.59,,,
2017-09-16,16,35.24,39.46,38.53,38.55,,,
2017-09-16,17,32.13,35.28,39.41,37.17,,,
2017-09-16,18,35.96,39,39,39,,,
2017-09-16,19,33.41,39,39,39,,,
2017-09-16,20,32.96,39,39.01,39.01,,,
2017-09-16,21,31.18,39,39,39,,,
2017-09-16,22,31.14,34,34.04,35,,,
2017-09-16,23,19.52,27.98,27.98,33.97,,,
2017-09-16,24,-1.54,13.02,13.02,13.01,,,
2017-09-17,1,-1.25,0,5.15,13.31,,,
2017-09-17,2,-0.5,0,12.13,9.09,,,
2017-09-17,3,0,0,10.35,6.5,,,
2017-09-17,4,0,0,0,0,,,
2017-09-17,5,0,5.25,0,0,,,
2017-09-17,6,7.64,5.25,11,5.25,,,
2017-09-17,7,-0.77,13,13,13,,,
2017-09-17,8,-1.67,13.33,13.35,13.32,,,
2017-09-17,9,16.47,18.27,19.52,13.33,,,
2017-09-17,10,25.81,31.93,32.13,31.93,,,
2017-09-17,11,66.26,32.13,32.13,30.48,,,
2017-09-17,12,43.14,34,31.93,32.14,,,
2017-09-17,13,31.59,30.35,30.35,30.35,,,
2017-09-17,14,33.91,31.72,29.55,35,,,
2017-09-17,15,34.87,35.11,34.13,35.16,,,
2017-09-17,16,37.45,37.39,34.93,37.39,,,
2017-09-17,17,42.61,40.63,39.46,37.66,,,
2017-09-17,18,40.86,40.75,39.46,37.96,,,
2017-09-17,19,43.58,50.91,45.25,44.54,,,
2017-09-17,20,38.94,46.06,45.41,40,,,
2017-09-17,21,30.8,34.01,36.11,32.9,,,
2017-09-17,22,24.94,33.37,33.37,33.18,,,
2017-09-17,23,17.36,31.93,31.93,31.93,,,
2017-09-17,24,11.51,18.27,23.04,25,,,
2017-09-18,1,1.95,13.32,13.34,13.28,,,
2017-09-18,2,0,13,13,13.03,,,
2017-09-18,3,0,13,13,13.31,,,
2017-09-18,4,13.33,12,13,13,,,
2017-09-18,5,4.87,13.33,13.34,13.37,,,
2017-09-18,6,10.95,35,33.09,31.93,,,
2017-09-18,7,43.23,35.82,38,35.53,,,
2017-09-18,8,36.8,40.53,36.6,39,,,
2017-09-18,9,39.06,48,46.8,35.42,,,
2017-09-18,10,46.47,40.44,40.53,40,,,
2017-09-18,11,38.98,40.21,39.46,46.05,,,
2017-09-18,12,42.99,44.11,42.59,40.53,,,
2017-09-18,13,45.27,45.77,44.11,45.77,,,
2017-09-18,14,46.06,46.06,46.06,44.65,,,
2017-09-18,15,46.06,46.06,46.06,46.06,,,
2017-09-18,16,45.51,46.06,46.06,52.06,,,
2017-09-18,17,46.06,46.06,52.78,54.1,,,
2017-09-18,18,41.67,42.01,42.01,46.06,,,
2017-09-18,19,43.95,42.65,42.59,51.17,,,
2017-09-18,20,41.67,42,42,44.89,,,
2017-09-18,21,35.06,35.98,37.5,39.93,,,
2017-09-18,22,38.56,33.82,33.61,35,,,
2017-09-18,23,32.28,32.71,33.04,32.72,,,
2017-09-18,24,32.24,31.93,31.93,32.73,,,
2017-09-19,1,27.36,22.25,22.25,22.25,,,
2017-09-19,2,27.34,13.39,16.16,13.34,,,
2017-09-19,3,13.36,13.34,13.34,13.37,,,
2017-09-19,4,13.36,13.01,13.01,13.01,,,
2017-09-19,5,7.54,32.83,21.35,29.75,,,
2017-09-19,6,28.78,50,50,35.83,,,
2017-09-19,7,31.81,49.35,45.74,39.22,,,
2017-09-19,8,79.46,39.27,40,39.15,,,
2017-09-19,9,35.59,35.79,34.62,35.83,,,
2017-09-19,10,38.01,39.13,37.34,37.07,,,
2017-09-19,11,40.89,41.7,42.35,43.15,,,
2017-09-19,12,47.36,39.15,39.15,41.84,,,
2017-09-19,13,42.3,37.34,37.33,42.33,,,
2017-09-19,14,46.6,39.21,39.2,44,,,
2017-09-19,15,47.87,42.01,42.01,43.12,,,
2017-09-19,16,61.15,47.87,45,45,,,
2017-09-19,17,51.97,50.52,50.52,47.68,,,
2017-09-19,18,42.32,47.35,45.71,47.87,,,
2017-09-19,19,44.46,47.86,47.86,47.87,,,
2017-09-19,20,40.81,43.09,42.01,47.68,,,
2017-09-19,21,39.42,42,42,42,,,
2017-09-19,22,36.77,38.59,38.58,38.81,,,
2017-09-19,23,35.32,34.55,34.82,35.74,,,
2017-09-19,24,23.65,31.93,31.93,34.57,,,
2017-09-20,1,15.01,15,14.39,24.26,,,
2017-09-20,2,13.16,13.34,13.34,13.39,,,
2017-09-20,3,13.32,13.35,13.34,13.35,,,
2017-09-20,4,13.08,13.01,13.01,13.01,,,
2017-09-20,5,6.19,31.24,31.24,31.24,,,
2017-09-20,6,28.29,39.36,39.36,39.36,,,
2017-09-20,7,33.8,40,40,40.9,,,
2017-09-20,8,35.19,40,38.49,38.68,,,
2017-09-20,9,40.74,45.26,45.26,45.26,,,
2017-09-20,10,42.63,48.97,47.71,47.71,,,
2017-09-20,11,42.54,47.7,42.75,42.75,,,
2017-09-20,12,44.57,45,48.96,47.7,,,
2017-09-20,13,48.54,48.96,48.96,50,,,
2017-09-20,14,46.24,48.97,48.97,48.97,,,
2017-09-20,15,52.62,48.97,47.7,53.58,,,
2017-09-20,16,82.02,53.33,48.97,64.56,,,
2017-09-20,17,76.06,100.62,65.82,69.85,,,
2017-09-20,18,45.29,65.22,59.54,59.54,,,
2017-09-20,19,44.97,61.59,61.59,61.59,,,
2017-09-20,20,44.67,48.97,48.97,56.23,,,
2017-09-20,21,34.69,39.17,39.17,39.53,,,
2017-09-20,22,19.67,35.55,35.55,35.97,,,
2017-09-20,23,8.93,33.26,33.25,35.39,,,
2017-09-20,24,3.58,18.79,31.49,33.23,,,
2017-09-21,1,14.44,30,30,34.11,,,
2017-09-21,2,22.7,14.4,15,18.95,,,
2017-09-21,3,14.35,14.4,14.36,13.65,,,
2017-09-21,4,4.14,14.34,14.35,14.33,,,
2017-09-21,5,7.8,31.6,32.57,32.57,,,
2017-09-21,6,8.93,38.5,38.5,42.08,,,
2017-09-21,7,27.38,33.81,33.81,36.41,,,
2017-09-21,8,29.32,33.81,33.81,35,,,
2017-09-21,9,33.49,36.41,36.41,42.28,,,
2017-09-21,10,37.23,33.89,33.9,34.11,,,
2017-09-21,11,41.35,41.39,41.13,41.13,,,
2017-09-21,12,39.41,37.92,41.09,37.92,,,
2017-09-21,13,42.5,42.51,42.51,42.5,,,
2017-09-21,14,44.03,44.05,42.93,43.03,,,
2017-09-21,15,51.25,48.42,48.42,48.42,,,
2017-09-21,16,55.01,91.34,73.81,73.81,,,
2017-09-21,17,79.24,149.38,125.95,90,,,
2017-09-21,18,49.19,145.27,102.95,102.95,,,
2017-09-21,19,51.69,70.66,75.22,70.66,,,
2017-09-21,20,42.69,48.42,48.42,59.81,,,
2017-09-21,21,36.14,37.92,37.92,37.91,,,
2017-09-21,22,31.24,33.89,35.1,35.2,,,
2017-09-21,23,27.7,33.42,33.78,33.8,,,
2017-09-21,24,30.49,33.41,34.11,34.11,,,
2017-09-22,1,3.18,14.34,14.33,30.97,,,
2017-09-22,2,7.27,13.52,13.52,14.32,,,
2017-09-22,3,14.35,13.5,13.5,14.4,,,
2017-09-22,4,14.33,13.13,14.31,13.51,,,
2017-09-22,5,6.41,26.72,17.82,32.49,,,
2017-09-22,6,20.93,35.31,34.52,34.33,,,
2017-09-22,7,30.22,34.21,35.31,35.66,,,
2017-09-22,8,33.02,34.62,35.33,39.11,,,
2017-09-22,9,33.42,34.19,34.62,39.11,,,
2017-09-22,10,35.47,33.18,34.47,35.64,,,
2017-09-22,11,37.62,33.19,35.65,41.39,,,
2017-09-22,12,39.58,40.21,40.2,43.43,,,
2017-09-22,13,42.25,45.35,42.15,45.35,,,
2017-09-22,14,45.06,45.36,45.52,56.3,,,
2017-09-22,15,44.99,68.15,53.56,68.15,,,
2017-09-22,16,49.62,97,94.8,78,,,
2017-09-22,17,64.31,112.65,114.01,114,,,
2017-09-22,18,42.14,45.36,58.27,64.27,,,
2017-09-22,19,39.93,44,44.38,56.3,,,
2017-09-22,20,38.71,56.22,44.86,45.36,,,
2017-09-22,21,35.98,41.52,41.71,42.33,,,
2017-09-22,22,31.02,33.09,33.17,33.18,,,
2017-09-22,23,25.71,32.68,31.01,34.25,,,
2017-09-22,24,25.61,20,20.91,14.4,,,
2017-09-23,1,14.34,14.36,14.36,14.35,,,
2017-09-23,2,3.24,13.01,13.01,13.01,,,
2017-09-23,3,1.59,12.99,12.99,13,,,
2017-09-23,4,-0.01,12.6,12.6,13.01,,,
2017-09-23,5,-3,14.33,14.34,12.8,,,
2017-09-23,6,-1.42,14.32,14.32,14.33,,,
2017-09-23,7,-1.68,27.5,28,31.49,,,
2017-09-23,8,0.4,30.97,31.75,31.75,,,
2017-09-23,9,7.19,30,31.91,32.19,,,
2017-09-23,10,31.69,33.63,34.67,34.68,,,
2017-09-23,11,35.59,36.48,40,40.77,,,
2017-09-23,12,40.65,40,40,40.26,,,
2017-09-23,13,39.63,40.77,40.65,41.5,,,
2017-09-23,14,39.14,40.26,40.26,44.27,,,
2017-09-23,15,41.11,41.5,41.48,47.31,,,
2017-09-23,16,64.94,60,64.85,73.45,,,
2017-09-23,17,64.26,68.2,59.88,125.3,,,
2017-09-23,18,41.46,60.48,48.56,60.48,,,
2017-09-23,19,47.47,48.56,48.56,65.53,,,
2017-09-23,20,39.68,55.7,55.7,55.7,,,
2017-09-23,21,40.17,39.58,43.99,43.99,,,
2017-09-23,22,31.23,38.5,35.6,34.7,,,
2017-09-23,23,25.56,31.95,32.19,33.05,,,
2017-09-23,24,15.13,23.73,23.74,31.47,,,
2017-09-24,1,13.03,14.4,30.16,31.68,,,
2017-09-24,2,14.36,14.38,16.5,14.4,,,
2017-09-24,3,12.04,14.26,14.34,14.34,,,
2017-09-24,4,14.34,13.02,13.02,13.01,,,
2017-09-24,5,14.33,13.01,13.01,13.01,,,
2017-09-24,6,7.24,13.01,13.01,13,,,
2017-09-24,7,-1.29,13.02,14.26,13,,,
2017-09-24,8,13.23,30.16,30.16,31.63,,,
2017-09-24,9,30.42,31.96,32.18,33.23,,,
2017-09-24,10,30.95,31.96,32.05,36.41,,,
2017-09-24,11,40.21,40.26,45.25,46.71,,,
2017-09-24,12,45.01,40.64,40.26,46.72,,,
2017-09-24,13,46.52,46.71,41.43,46.71,,,
2017-09-24,14,44.02,46.74,46.71,49,,,
2017-09-24,15,41.07,41.43,46.72,46.72,,,
2017-09-24,16,41.14,58.81,47.37,83.95,,,
2017-09-24,17,41.55,85.15,85.15,85.15,,,
2017-09-24,18,41.27,74.63,74.63,74.63,,,
2017-09-24,19,40.79,50.17,50.17,77.8,,,
2017-09-24,20,44.67,65,65,85,,,
2017-09-24,21,42.35,46.71,46.71,46.71,,,
2017-09-24,22,36.57,40.3,40.29,40.26,,,
2017-09-24,23,32.11,33.67,33.66,32.18,,,
2017-09-24,24,27.55,33.45,33.45,32.4,,,
2017-09-25,1,26.93,31.68,32.7,31.96,,,
2017-09-25,2,16.63,15.22,14.39,32.7,,,
2017-09-25,3,13.36,13.37,16.22,30.19,,,
2017-09-25,4,12.36,13.04,13.04,13.35,,,
2017-09-25,5,8.08,18.5,18.16,32.6,,,
2017-09-25,6,23.28,32.7,32.7,32.7,,,
2017-09-25,7,33.11,35.41,36.42,35.42,,,
2017-09-25,8,34.91,41.01,39.2,40.26,,,
2017-09-25,9,38.77,45,45,47.52,,,
2017-09-25,10,42.53,45,45,47.52,,,
2017-09-25,11,42.21,48,48,48.37,,,
2017-09-25,12,48.53,50,50,50,,,
2017-09-25,13,97.54,82.29,101,130,,,
2017-09-25,14,101,95.39,95.39,101,,,
2017-09-25,15,100,105.37,105.37,141.92,,,
2017-09-25,16,138.54,141.92,141.24,149.96,,,
2017-09-25,17,148.89,199,185,200,,,
2017-09-25,18,50.26,152.64,152.64,149.27,,,
2017-09-25,19,78.08,145.93,144.6,144.6,,,
2017-09-25,20,47.32,138,138,137.9,,,
2017-09-25,21,51.42,50,60.78,53.1,,,
2017-09-25,22,35.99,40.65,39.94,41.43,,,
2017-09-25,23,38.96,37.21,40.26,36.42,,,
2017-09-25,24,30.06,26.88,26.88,31.94,,,
2017-09-26,1,30.13,28.09,28.09,32.22,,,
2017-09-26,2,25.91,24.03,27.13,27.13,,,
2017-09-26,3,16.41,20.44,21.09,31.28,,,
2017-09-26,4,13.01,17.12,16.77,22,,,
2017-09-26,5,15.98,24.03,28.09,27.09,,,
2017-09-26,6,25.45,35.2,35,40.13,,,
2017-09-26,7,38.29,44,44,44,,,
2017-09-26,8,39.51,47.45,47.38,47.37,,,
2017-09-26,9,42.85,47.46,47.46,47.45,,,
2017-09-26,10,45.87,47.46,47.46,48.47,,,
2017-09-26,11,55.62,47.46,47.46,51.18,,,
2017-09-26,12,57.67,68.81,68,75,,,
2017-09-26,13,61.11,62.82,54.59,75,,,
2017-09-26,14,45.8,100,94,106.37,,,
2017-09-26,15,44.69,104,100,119,,,
2017-09-26,16,49.66,102,118,139.88,,,
2017-09-26,17,55.37,140,139,145.91,,,
2017-09-26,18,47.27,139.29,139.29,137.88,,,
2017-09-26,19,42.36,136,129,135,,,
2017-09-26,20,48.16,69.76,62.82,100,,,
2017-09-26,21,43.09,51.1,51.1,42.53,,,
2017-09-26,22,39.43,38.55,38.58,38.59,,,
2017-09-26,23,27.72,34.05,34.03,38.08,,,
2017-09-26,24,17.63,26.99,30.61,27,,,
2017-09-27,1,13.43,13.01,13.8,24.86,,,
2017-09-27,2,11.38,13.34,13.35,12.87,,,
2017-09-27,3,2.33,13.31,13.31,12.7,,,
2017-09-27,4,11.94,13.33,13.31,13.02,,,
2017-09-27,5,4.59,25,24.56,13.35,,,
2017-09-27,6,22.89,39.14,39.83,37.2,,,
2017-09-27,7,31.62,39.6,39.47,39.6,,,
2017-09-27,8,34.2,39.66,39.6,39,,,
2017-09-27,9,32.78,39.27,37.22,36.62,,,
2017-09-27,10,35.43,33.19,33.19,34.69,,,
2017-09-27,11,40.36,34.65,33.64,40.04,,,
2017-09-27,12,38.22,40.1,38.1,40.1,,,
2017-09-27,13,33.84,39.11,34.7,34.65,,,
2017-09-27,14,29.35,34.69,36.62,34.66,,,
2017-09-27,15,31.87,40.24,40.99,40.17,,,
2017-09-27,16,31.28,33.58,38.95,38.95,,,
2017-09-27,17,31.03,33.57,33.57,36.62,,,
2017-09-27,18,27.87,33.19,33.56,36.61,,,
2017-09-27,19,30.64,33.19,33.19,33.54,,,
2017-09-27,20,27.88,32.2,32.44,32.29,,,
2017-09-27,21,8.08,23.71,23.71,23.71,,,
2017-09-27,22,0.8,13.33,13.35,13.33,,,
2017-09-27,23,0.85,0,0,5.11,,,
2017-09-27,24,-0.01,0,0,0,,,
2017-09-28,1,0,0,11.28,10.1,,,
2017-09-28,2,0,0,3,11.28,,,
2017-09-28,3,1.72,0,3,5,,,
2017-09-28,4,2.07,0,0,0,,,
2017-09-28,5,10.42,13,13,11.13,,,
2017-09-28,6,19.57,32.72,32.72,32.72,,,
2017-09-28,7,95.47,32.72,32.72,32.72,,,
2017-09-28,8,30.89,29.03,25.85,25.85,,,
2017-09-28,9,13.62,24.69,24.51,17.72,,,
2017-09-28,10,8.93,34.16,22.16,32.72,,,
2017-09-28,11,12.04,25,30.03,32.72,,,
2017-09-28,12,12.78,32.72,32.72,32.72,,,
2017-09-28,13,1.61,19.03,31.54,32.72,,,
2017-09-28,14,4.87,13.34,16.95,30.03,,,
2017-09-28,15,6.56,13.33,13.32,13.37,,,
2017-09-28,16,10.93,18.69,18.49,13.34,,,
2017-09-28,17,29.6,32.42,32.49,31.55,,,
2017-09-28,18,24.82,40.01,36.68,32.69,,,
2017-09-28,19,29.71,34.46,36.68,36.72,,,
2017-09-28,20,24.43,31.67,32.72,38.29,,,
2017-09-28,21,23.92,32.15,31.87,32.72,,,
2017-09-28,22,21.78,13.39,17.15,15,,,
2017-09-28,23,16.26,15.43,13.39,13.34,,,
2017-09-28,24,4.18,13.3,13.33,13.35,,,
2017-09-29,1,0.11,13.02,13.02,13.02,,,
2017-09-29,2,-0.27,13,13,13,,,
2017-09-29,3,-0.78,13,13,13,,,
2017-09-29,4,0,13.02,13.02,13.02,,,
2017-09-29,5,-0.56,13.03,13.03,13.02,,,
2017-09-29,6,0.75,13.34,13.35,31,,,
2017-09-29,7,10,13.03,13.02,24.25,,,
2017-09-29,8,31.84,29.86,30.69,30.4,,,
2017-09-29,9,53.21,32.02,30.21,31,,,
2017-09-29,10,30.83,20,20,18,,,
2017-09-29,11,30.09,21,21,25,,,
2017-09-29,12,44.28,32.45,32.45,30.82,,,
2017-09-29,13,12.73,32.45,19.95,13.02,,,
2017-09-29,14,12.69,14.03,14.03,25.19,,,
2017-09-29,15,4.02,13.32,13.34,13.35,,,
2017-09-29,16,0,13.01,13.02,13.35,,,
2017-09-29,17,2.02,13.03,13.03,13.35,,,
2017-09-29,18,1.82,13.02,13.3,13.37,,,
2017-09-29,19,11.49,32.45,32.45,32.45,,,
2017-09-29,20,8.41,32.45,32.45,32.45,,,
2017-09-29,21,8.37,32.45,32.45,32.45,,,
2017-09-29,22,10.8,24.5,29.36,24.71,,,
2017-09-29,23,3.22,13.01,13.01,13.38,,,
2017-09-29,24,8.2,13.03,13.03,13.03,,,
2017-09-30,1,15.2,13,11.24,13,,,
2017-09-30,2,16.07,5.13,0,0,,,
2017-09-30,3,26.06,0.08,0,0,,,
2017-09-30,4,6.95,3,0.08,0,,,
2017-09-30,5,0.43,4.78,3,0,,,
2017-09-30,6,2.22,3,0,0.08,,,
2017-09-30,7,7.66,13,10,13.34,,,
2017-09-30,8,13.55,13.02,13.02,13.02,,,
2017-09-30,9,5.01,12,9,13.01,,,
2017-09-30,10,0.82,9.34,5.92,5.88,,,
2017-09-30,11,5.53,5.88,9,5.85,,,
2017-09-30,12,12.23,5.85,9.2,10.28,,,
2017-09-30,13,14.33,9.34,5.92,6.04,,,
2017-09-30,14,13.64,6.04,9,5.92,,,
2017-09-30,15,6.72,5.92,5.88,6,,,
2017-09-30,16,8.09,9.34,6.12,6.12,,,
2017-09-30,17,10.85,13,13,14.35,,,
2017-09-30,18,12.95,13,10.5,13.01,,,
2017-09-30,19,12.95,13,13,14.35,,,
2017-09-30,20,7.2,13,13,14.38,,,
2017-09-30,21,4.8,13,13,14.34,,,
2017-09-30,22,3.49,13.02,13.02,13.36,,,
2017-09-30,23,1.82,13,13,13,,,
2017-09-30,24,2.87,13,13,13,,,
2017-10-01,1,13.29,5.21,6.97,6.97,,,
2017-10-01,2,13.35,3,3,3,,,
2017-10-01,3,10.85,-3,-3,-0.25,,,
2017-10-01,4,4.93,-1,-3,-0.02,,,
2017-10-01,5,7.85,0,-3,0,,,
2017-10-01,6,10.28,6,5.94,6,,,
2017-10-01,7,13.36,6.41,6.05,12.24,,,
2017-10-01,8,6.02,6.09,6.08,6.1,,,
2017-10-01,9,-2.27,13,6.41,6.41,,,
2017-10-01,10,-1.12,6.41,11.41,6.04,,,
2017-10-01,11,2.86,5.09,6.04,6.24,,,
2017-10-01,12,5.93,6.04,6.04,5.11,,,
2017-10-01,13,5.28,13,13,6,,,
2017-10-01,14,5.9,10,13,13.31,,,
2017-10-01,15,4.1,13,13,13.33,,,
2017-10-01,16,10.33,13,13,13.39,,,
2017-10-01,17,10.29,13.32,13.01,20.75,,,
2017-10-01,18,12.12,13.01,13.01,23.68,,,
2017-10-01,19,175.62,16.86,25,31.02,,,
2017-10-01,20,10.67,13.33,13.32,28.12,,,
2017-10-01,21,1.11,13.01,13,13.01,,,
2017-10-01,22,0.14,5.9,6.02,13.34,,,
2017-10-01,23,-1.04,0,5.87,5.94,,,
2017-10-01,24,-0.04,4.78,5.87,4.78,,,
2017-10-02,1,0,0,0,3,,,
2017-10-02,2,-0.03,0,0,0,,,
2017-10-02,3,-0.01,0,0,0,,,
2017-10-02,4,0,0,0,0,,,
2017-10-02,5,0,0,0,0,,,
2017-10-02,6,-0.26,13.33,13.34,13.34,,,
2017-10-02,7,8.9,13,13.01,14.36,,,
2017-10-02,8,7.4,13.66,13,14.25,,,
2017-10-02,9,14.36,14.37,14.35,14.34,,,
2017-10-02,10,14.36,13.34,16,13.38,,,
2017-10-02,11,28.22,13.39,14.4,30.69,,,
2017-10-02,12,13.34,13.05,13.05,28,,,
2017-10-02,13,6.4,13.01,13.01,28.89,,,
2017-10-02,14,5.98,13.01,13.01,28.89,,,
2017-10-02,15,6.63,13.01,13.01,30.26,,,
2017-10-02,16,34.46,27,29.09,31.02,,,
2017-10-02,17,23.49,31.02,31.02,31.02,,,
2017-10-02,18,13.83,31.02,31.02,31.02,,,
2017-10-02,19,20.25,31.02,31.02,32.95,,,
2017-10-02,20,7.83,31.02,31.02,31.02,,,
2017-10-02,21,-0.01,13.02,13.02,13.02,,,
2017-10-02,22,-1,0,5.87,5.94,,,
2017-10-02,23,-2.25,0,0,0,,,
2017-10-02,24,-3,0,0,0,,,
2017-10-03,1,-1.1,-3,-3,-3,,,
2017-10-03,2,-3,-3,-3,-3,,,
2017-10-03,3,-3,-3,-3,-3,,,
2017-10-03,4,-2.01,-3,-3,-3,,,
2017-10-03,5,-0.75,0,0,0,,,
2017-10-03,6,-0.75,0,0,0,,,
2017-10-03,7,4.52,6.06,6.02,0,,,
2017-10-03,8,5.99,6.06,9.38,6.02,,,
2017-10-03,9,6.06,6.02,6.45,6.06,,,
2017-10-03,10,8.7,5.15,5.87,5.9,,,
2017-10-03,11,14.32,6.05,5.87,5.23,,,
2017-10-03,12,10.87,5.13,5.87,4.81,,,
2017-10-03,13,10.91,6.05,0,0,,,
2017-10-03,14,7.42,6.02,6.04,0,,,
2017-10-03,15,12.12,13.01,6.1,6.12,,,
2017-10-03,16,14.57,13,13,14.36,,,
2017-10-03,17,204.92,31.02,23.95,31.02,,,
2017-10-03,18,77.04,31.02,31.02,31.02,,,
2017-10-03,19,92.19,31.02,31.02,31.02,,,
2017-10-03,20,12.74,30,14.37,14.37,,,
2017-10-03,21,3.19,5.94,6.1,5.9,,,
2017-10-03,22,-0.04,0,0,0,,,
2017-10-03,23,-1.53,-3,-0.1,-3,,,
2017-10-03,24,-0.53,-0.02,-0.02,-0.1,,,
2017-10-04,1,-1.3,-3,-3,-3,,,
2017-10-04,2,-3,-3,-3,-3,,,
2017-10-04,3,-3,-3,-3,-3,,,
2017-10-04,4,-3,-3,-3,-3,,,
2017-10-04,5,-3.17,0,0,0,,,
2017-10-04,6,-1,0,0,0,,,
2017-10-04,7,0,0,0,0,,,
2017-10-04,8,0,0,0,0,,,
2017-10-04,9,8.29,0,0,0,,,
2017-10-04,10,6.05,0,0,0,,,
2017-10-04,11,0.49,5.9,0,0,,,
2017-10-04,12,0.4,4.81,0,0,,,
2017-10-04,13,5.32,6.06,6.06,6.04,,,
2017-10-04,14,10.1,6.1,6.25,6.1,,,
2017-10-04,15,13.84,13,13,14.39,,,
2017-10-04,16,12.68,13,14.36,14.36,,,
2017-10-04,17,13.78,13.01,13,14.36,,,
2017-10-04,18,13.8,13.02,13.02,15.33,,,
2017-10-04,19,8.49,15.5,14.34,14.39,,,
2017-10-04,20,2.99,23.42,23.42,13.03,,,
2017-10-04,21,2.41,13.1,13.1,13,,,
2017-10-04,22,0.5,6.06,6.06,6.1,,,
2017-10-04,23,3.82,5.94,0,0,,,
2017-10-04,24,9.24,5.21,5.9,4.78,,,
2017-10-05,1,0.6,0,-0.1,-1,,,
2017-10-05,2,-2.77,-3,-3,-3,,,
2017-10-05,3,-0.78,-3,-3,-3,,,
2017-10-05,4,0.4,-3,-3,-3,,,
2017-10-05,5,-0.32,3,0,-3,,,
2017-10-05,6,4.73,29.99,29.64,13,,,
2017-10-05,7,8.45,13.02,13.02,13.01,,,
2017-10-05,8,11.93,13.01,13.01,13.01,,,
2017-10-05,9,11.64,13.01,13.01,13,,,
2017-10-05,10,10.26,13,13,11.4,,,
2017-10-05,11,5.11,12.6,12.5,12.5,,,
2017-10-05,12,0.8,11.61,11.6,11.62,,,
2017-10-05,13,0.4,11.3,11.31,11.33,,,
2017-10-05,14,0,11.41,11.53,11.53,,,
2017-10-05,15,0,11.44,11.44,11.49,,,
2017-10-05,16,4.06,10.66,11.13,11.13,,,
2017-10-05,17,28.21,11.13,13,11.11,,,
2017-10-05,18,130.26,12.5,12.5,12.04,,,
2017-10-05,19,40.67,69.26,30.52,30.52,,,
2017-10-05,20,10.4,30.52,30.52,30.52,,,
2017-10-05,21,37.29,30.52,30.52,29.01,,,
2017-10-05,22,39.38,12.01,12.01,12,,,
2017-10-05,23,12.82,11.91,6.1,6.1,,,
2017-10-05,24,6.95,6.02,6.02,0,,,
2017-10-06,1,1.31,1,0,-3,,,
2017-10-06,2,0.83,-3,-3,-3,,,
2017-10-06,3,2.63,-3,-3,-3,,,
2017-10-06,4,-3.25,-3,-3,-3,,,
2017-10-06,5,2.47,0,0,-0.25,,,
2017-10-06,6,14.27,30.25,30.15,29.73,,,
2017-10-06,7,23.18,30.13,13.03,31.47,,,
2017-10-06,8,16.86,14.36,14.36,14.35,,,
2017-10-06,9,13.37,13.03,13.03,13.02,,,
2017-10-06,10,13.5,13.37,13.23,13.02,,,
2017-10-06,11,13.36,13.37,13.37,13.03,,,
2017-10-06,12,10.33,13.34,13.32,13.03,,,
2017-10-06,13,17.65,13.03,13.04,13.39,,,
2017-10-06,14,12.29,13.02,13.02,13.02,,,
2017-10-06,15,10.04,13.34,13.02,13.01,,,
2017-10-06,16,13.36,21.2,21.2,30,,,
2017-10-06,17,13.16,31.47,31.47,31.47,,,
2017-10-06,18,11.34,31.47,31.47,31.47,,,
2017-10-06,19,13.36,31.47,31.47,31.47,,,
2017-10-06,20,24.74,31.47,31.47,31.47,,,
2017-10-06,21,78.6,29.49,29.49,31.47,,,
2017-10-06,22,15.1,13.01,13.01,13.33,,,
2017-10-06,23,14.28,12.5,12.5,12.5,,,
2017-10-06,24,2.33,0,0,0,,,
2017-10-07,1,0,-0.25,-0.1,-0.25,,,
2017-10-07,2,-0.02,-3,-3,-3,,,
2017-10-07,3,-0.54,-3,-3,-3,,,
2017-10-07,4,-0.38,-3,-3,-3,,,
2017-10-07,5,-1.28,-3,-3,-3,,,
2017-10-07,6,-2.04,0,-3,-3,,,
2017-10-07,7,-0.03,0,0,0,,,
2017-10-07,8,0,0,0,0,,,
2017-10-07,9,0.4,0,0,0,,,
2017-10-07,10,4.19,0,0,0,,,
2017-10-07,11,4.46,5.21,0,0,,,
2017-10-07,12,0,0,0,0,,,
2017-10-07,13,0,0,0,0,,,
2017-10-07,14,0,0,0,0,,,
2017-10-07,15,0,0,0,0,,,
2017-10-07,16,0,0,0,0,,,
2017-10-07,17,0,0,0,0,,,
2017-10-07,18,0,0,0,0,,,
2017-10-07,19,0,0,0,0,,,
2017-10-07,20,0,0,0,0,,,
2017-10-07,21,0,0,0,0,,,
2017-10-07,22,0,0,0,0,,,
2017-10-07,23,-0.02,0,0,0,,,
2017-10-07,24,-2.02,-3,-3,-3,,,
2017-10-08,1,-3,-3,-3,-3,,,
2017-10-08,2,-3,-3,-3,-3,,,
2017-10-08,3,-3,-3,-3,-3,,,
2017-10-08,4,-3,-3,-3,-3,,,
2017-10-08,5,-2.77,-3,-3,-3,,,
2017-10-08,6,-3,-3,-3,-3,,,
2017-10-08,7,-3,-0.02,-0.1,-3,,,
2017-10-08,8,-2.75,0,0,-0.02,,,
2017-10-08,9,0,0,0,0,,,
2017-10-08,10,3.36,0,0,0,,,
2017-10-08,11,8.72,5.9,5.9,5.08,,,
2017-10-08,12,21.98,11.31,13,11.31,,,
2017-10-08,13,13.33,13,13,13,,,
2017-10-08,14,10.89,13.01,13.01,13.01,,,
2017-10-08,15,6,13.02,13.02,13.02,,,
2017-10-08,16,9.68,13.02,13.02,31.2,,,
2017-10-08,17,14.35,31.2,31.2,31.2,,,
2017-10-08,18,5.94,31.2,31.2,31.2,,,
2017-10-08,19,9.69,31.2,31.2,31.2,,,
2017-10-08,20,18.37,28.7,31.2,31.2,,,
2017-10-08,21,9.7,13.39,13.38,29.85,,,
2017-10-08,22,7.13,13,13.01,13,,,
2017-10-08,23,10.9,6.04,8.19,11.31,,,
2017-10-08,24,5.91,0,0,5.9,,,
2017-10-09,1,2.24,0,0,0,,,
2017-10-09,2,-1.03,-0.02,-0.02,-3,,,
2017-10-09,3,-3.33,-3,-0.02,-3,,,
2017-10-09,4,-4,-3,-3,-3,,,
2017-10-09,5,-3,-3,-3,-3,,,
2017-10-09,6,-3.25,-0.25,-3,-3,,,
2017-10-09,7,-1.09,-3,-3,-3,,,
2017-10-09,8,1.34,0,0,-0.02,,,
2017-10-09,9,6.98,5.87,0,0,,,
2017-10-09,10,12.32,5.9,6.1,5.08,,,
2017-10-09,11,12.14,13,6.06,6.1,,,
2017-10-09,12,8.5,13.01,13,6.04,,,
2017-10-09,13,13.63,13,13,6.06,,,
2017-10-09,14,13.46,13.01,13,6.14,,,
2017-10-09,15,6.07,13.02,13.01,6.1,,,
2017-10-09,16,7.9,13.02,13.01,13.01,,,
2017-10-09,17,98.42,31.2,31.2,31.2,,,
2017-10-09,18,13.11,31.2,31.2,31.2,,,
2017-10-09,19,13.37,31.2,31.2,31.2,,,
2017-10-09,20,30.72,13.39,20,31.2,,,
2017-10-09,21,25.69,13.35,13.39,27.25,,,
2017-10-09,22,22.61,12.68,6.14,6.04,,,
2017-10-09,23,10.19,12.99,12.99,5.87,,,
2017-10-09,24,10.31,6.29,6.27,6.29,,,
2017-10-10,1,6.56,5.21,6.02,0,,,
2017-10-10,2,0.82,0,3,0,,,
2017-10-10,3,-0.54,0,0,-0.02,,,
2017-10-10,4,-2.75,0,3,0,,,
2017-10-10,5,0.33,13.01,13.01,13.01,,,
2017-10-10,6,11.23,28.74,13.35,13.37,,,
2017-10-10,7,32.73,31.2,31.2,29.73,,,
2017-10-10,8,6.05,13.35,13.02,13.34,,,
2017-10-10,9,12.72,13.02,13.02,13,,,
2017-10-10,10,21.64,14.4,18.88,13.39,,,
2017-10-10,11,14.35,14.34,13.02,14.36,,,
2017-10-10,12,14.37,14.35,14.36,13.01,,,
2017-10-10,13,14.39,14.39,14.36,14.38,,,
2017-10-10,14,14.36,18,17,30.73,,,
2017-10-10,15,14.35,31.2,31.2,31.2,,,
2017-10-10,16,26.26,30.74,31.2,31.2,,,
2017-10-10,17,20.67,30.75,29.16,31.2,,,
2017-10-10,18,15.6,29.16,30.73,31.2,,,
2017-10-10,19,13.65,31.2,31.2,31.2,,,
2017-10-10,20,12.26,31.2,31.2,31.2,,,
2017-10-10,21,3.92,13.02,13.02,18,,,
2017-10-10,22,3.3,6.02,6.04,6.04,,,
2017-10-10,23,4.3,4.78,5.9,13,,,
2017-10-10,24,-0.27,0,0,0,,,
2017-10-11,1,-1.5,0,0,0,,,
2017-10-11,2,-3.08,0,-0.1,-0.25,,,
2017-10-11,3,-3,-3,-3,-3,,,
2017-10-11,4,-3,-3,-3,-3,,,
2017-10-11,5,-2.77,-0.02,0,0,,,
2017-10-11,6,0,0,5.13,0,,,
2017-10-11,7,3.45,12.5,13,6.14,,,
2017-10-11,8,1.73,6.06,6.12,6.06,,,
2017-10-11,9,0.4,0,0,0,,,
2017-10-11,10,0,0,0,0,,,
2017-10-11,11,0,0,0,0,,,
2017-10-11,12,0,0,0,0,,,
2017-10-11,13,0,0,0,0,,,
2017-10-11,14,0,0,0,0,,,
2017-10-11,15,0,0,0,0,,,
2017-10-11,16,0,0,0,0,,,
2017-10-11,17,0,0,0,0,,,
2017-10-11,18,0,6.06,6.06,5,,,
2017-10-11,19,5.79,6.14,12,5.9,,,
2017-10-11,20,4.73,6.04,6.14,6.04,,,
2017-10-11,21,0,0,4.81,4.78,,,
2017-10-11,22,0,0,0,0,,,
2017-10-11,23,0,0,0,0,,,
2017-10-11,24,-1.08,-0.02,-0.1,-0.1,,,
2017-10-12,1,-3,-3,-3,-3,,,
2017-10-12,2,-2.05,-3,-3,-3,,,
2017-10-12,3,-3,-3,-3,-3,,,
2017-10-12,4,-1.81,-3,-3,-3,,,
2017-10-12,5,-1.25,0,0,0,,,
2017-10-12,6,4.22,6.1,6.06,6.04,,,
2017-10-12,7,12.26,13,13,9.38,,,
2017-10-12,8,13.52,13,13,13,,,
2017-10-12,9,9.72,13,13,13,,,
2017-10-12,10,10.95,13,13,13,,,
2017-10-12,11,9.12,13,13,13,,,
2017-10-12,12,6.1,13,13,13,,,
2017-10-12,13,7.92,13,13,13,,,
2017-10-12,14,6.11,9.38,6.14,9.38,,,
2017-10-12,15,7.89,13,6.1,6.06,,,
2017-10-12,16,13.34,13,13,13,,,
2017-10-12,17,14.49,13.01,13.01,13.01,,,
2017-10-12,18,20.88,13.01,13.02,13.01,,,
2017-10-12,19,20.86,13.02,13.02,13.02,,,
2017-10-12,20,13.67,13.02,13.01,13.01,,,
2017-10-12,21,9.49,13.01,13,13,,,
2017-10-12,22,6.91,6.04,6,4.78,,,
2017-10-12,23,4.3,0,4.78,0,,,
2017-10-12,24,0.89,0,0,0,,,
2017-10-13,1,0,0,0,0,,,
2017-10-13,2,0,0,0,0,,,
2017-10-13,3,0,0,0,0,,,
2017-10-13,4,1.25,0,0,0,,,
2017-10-13,5,1.37,13,10.66,9.38,,,
2017-10-13,6,5.96,14.38,14.37,14.36,,,
2017-10-13,7,12.29,14.29,14.34,14.36,,,
2017-10-13,8,14.38,13.03,13.04,29.61,,,
2017-10-13,9,67.18,32.13,14.4,14.38,,,
2017-10-13,10,14.36,14.36,13.02,13.02,,,
2017-10-13,11,21.06,32.13,32.13,13.02,,,
2017-10-13,12,14.34,32.13,29.45,29.45,,,
2017-10-13,13,5.84,14.33,14.35,14.39,,,
2017-10-13,14,14.35,14.4,14.38,14.35,,,
2017-10-13,15,0.51,13.02,13.02,13.02,,,
2017-10-13,16,14.35,32.13,32.13,32.13,,,
2017-10-13,17,37.42,32.13,32.13,32.13,,,
2017-10-13,18,16.58,32.13,32.13,32.13,,,
2017-10-13,19,8.84,32.13,32.13,32.13,,,
2017-10-13,20,9.52,32.13,32.13,32.13,,,
2017-10-13,21,13.66,32.13,32.13,32.13,,,
2017-10-13,22,20.34,29.27,29.45,14,,,
2017-10-13,23,8.58,13.01,13.02,13.01,,,
2017-10-13,24,4.01,13.01,13,6.25,,,
2017-10-14,1,3.25,6.25,13,0,,,
2017-10-14,2,0,0,0,0,,,
2017-10-14,3,1.22,0,0,-1,,,
2017-10-14,4,7.66,0,0,-1,,,
2017-10-14,5,14.34,6.25,1,0,,,
2017-10-14,6,13.34,14.37,14.35,9.99,,,
2017-10-14,7,27.4,26.23,31.99,13.02,,,
2017-10-14,8,32.91,31.1,31.1,31.99,,,
2017-10-14,9,135.28,26.75,29.59,31.99,,,
2017-10-14,10,129.6,25,25,26.75,,,
2017-10-14,11,14.38,31.99,29.99,31.99,,,
2017-10-14,12,16.98,31.99,31.99,31.99,,,
2017-10-14,13,14.37,25.09,25.09,14.36,,,
2017-10-14,14,25.7,31.99,30,13.02,,,
2017-10-14,15,60.1,31.99,31.99,31.99,,,
2017-10-14,16,104.92,31.99,31.99,31.99,,,
2017-10-14,17,13.67,31.99,31.99,31.99,,,
2017-10-14,18,4.97,31.99,31.99,31.99,,,
2017-10-14,19,0.49,14.4,18.75,25,,,
2017-10-14,20,0,31.99,14.39,14.36,,,
2017-10-14,21,1.81,14.35,27.19,14.39,,,
2017-10-14,22,0,13,13,5.21,,,
2017-10-14,23,0,0,0,0,,,
2017-10-14,24,0,0,0,-3,,,
2017-10-15,1,-1.01,-3,-3,-3,,,
2017-10-15,2,-2.51,-3,-3,-3,,,
2017-10-15,3,-3,-3,-3,-3,,,
2017-10-15,4,-3,-3,-3,-3,,,
2017-10-15,5,-3,-3,-3,-3,,,
2017-10-15,6,-3,-3,-3,-3,,,
2017-10-15,7,-3,-3,-3,-3,,,
2017-10-15,8,-3,-0.02,-0.02,-0.02,,,
2017-10-15,9,-0.26,0,0,-0.02,,,
2017-10-15,10,0,0,0,0,,,
2017-10-15,11,0,0,0,0,,,
2017-10-15,12,0,0,0,0,,,
2017-10-15,13,0,0,0,0,,,
2017-10-15,14,0,0,0,0,,,
2017-10-15,15,0,0,0,0,,,
2017-10-15,16,0,0,0,0,,,
2017-10-15,17,0,0,0,0,,,
2017-10-15,18,0,0,0,1,,,
2017-10-15,19,0,0,0,0,,,
2017-10-15,20,0,0,0,0,,,
2017-10-15,21,0,0,0,0,,,
2017-10-15,22,-0.8,0,0,0,,,
2017-10-15,23,-2,-3,-3,-3,,,
2017-10-15,24,-2.5,-3,-3,-3,,,
2017-10-16,1,0,-3,0,-3,,,
2017-10-16,2,-0.59,-3,-3,-1,,,
2017-10-16,3,-0.76,-3,-3,-3,,,
2017-10-16,4,0,-0.1,-0.02,-1,,,
2017-10-16,5,0.47,5.94,5.9,5.11,,,
2017-10-16,6,3.4,13.01,13.01,13.01,,,
2017-10-16,7,5.47,13,13,13.38,,,
2017-10-16,8,5.75,13,13,13.35,,,
2017-10-16,9,5.25,13.01,13.01,13.39,,,
2017-10-16,10,5.19,13,13.01,13.38,,,
2017-10-16,11,1.65,13.01,13.01,13.01,,,
2017-10-16,12,6.93,13,13,13,,,
2017-10-16,13,12.77,11.09,13,13,,,
2017-10-16,14,8.2,13,11.14,13,,,
2017-10-16,15,6.41,13,13,13,,,
2017-10-16,16,7.62,13,13,13,,,
2017-10-16,17,17.03,29.99,28.61,13.38,,,
2017-10-16,18,39.28,32.43,33.38,33.4,,,
2017-10-16,19,73.87,34.61,35.59,35.6,,,
2017-10-16,20,15.9,35.6,31.43,33.39,,,
2017-10-16,21,8.75,12.9,13.35,12.9,,,
2017-10-16,22,6.28,13,13,6.06,,,
2017-10-16,23,0.14,4.78,5.2,5.84,,,
2017-10-16,24,-2.5,0,0,0,,,
2017-10-17,1,-2.31,0,0,0,,,
2017-10-17,2,-3,-3,-3,-0.02,,,
2017-10-17,3,-3,-3,-3,-3,,,
2017-10-17,4,-3,-3,-3,-3,,,
2017-10-17,5,-3,0,0,0,,,
2017-10-17,6,-0.26,5.83,5.84,5.83,,,
2017-10-17,7,0,5.86,13,13,,,
2017-10-17,8,0,0,4.8,5.83,,,
2017-10-17,9,-0.32,0,0,0,,,
2017-10-17,10,-1.26,0,0,0,,,
2017-10-17,11,-3,0,0,0,,,
2017-10-17,12,-3,-0.25,0,0,,,
2017-10-17,13,-3,-3,-3,0,,,
2017-10-17,14,-3,-3,-3,-3,,,
2017-10-17,15,-3,-0.02,0,0,,,
2017-10-17,16,-3,0,0,0,,,
2017-10-17,17,-1.01,0,0,0,,,
2017-10-17,18,0.8,0,0,0,,,
2017-10-17,19,5.01,5.9,6.02,6.04,,,
2017-10-17,20,2.27,6.25,8.26,6.14,,,
2017-10-17,21,0,4.8,5.21,4.78,,,
2017-10-17,22,0,0,0,0,,,
2017-10-17,23,-0.5,0,0,0,,,
2017-10-17,24,-3,-3,-0.1,-3,,,
2017-10-18,1,-3,-3,-3,-3,,,
2017-10-18,2,-3,-3,-3,-3,,,
2017-10-18,3,-3,-3,-3,-3,,,
2017-10-18,4,-3,-3,-3,-3,,,
2017-10-18,5,-1.26,-3,-3,-3,,,
2017-10-18,6,0.8,6.1,6.14,6.1,,,
2017-10-18,7,0.8,13,13.01,13.39,,,
2017-10-18,8,2.72,13,13,13.38,,,
2017-10-18,9,4.61,6.06,6.16,13,,,
2017-10-18,10,1.6,4.8,5.87,5.9,,,
2017-10-18,11,0,0,0,0,,,
2017-10-18,12,0,0,0,0,,,
2017-10-18,13,-0.27,0,0,0,,,
2017-10-18,14,-2.75,0,0,0,,,
2017-10-18,15,-0.51,-3,0,0,,,
2017-10-18,16,0,0,0,0,,,
2017-10-18,17,0.42,0,0,5.09,,,
2017-10-18,18,4.09,5.91,5.09,0,,,
2017-10-18,19,6.06,13.37,13.35,6.12,,,
2017-10-18,20,2.28,6.25,13,6.04,,,
2017-10-18,21,0,0,5.87,5.9,,,
2017-10-18,22,-0.5,0,0,0,,,
2017-10-18,23,-1.29,-3,-1,-0.25,,,
2017-10-18,24,-3,-3,-3,-3,,,
2017-10-19,1,-3,-3,-3,-3,,,
2017-10-19,2,-3.84,-3,-3,-3,,,
2017-10-19,3,-3.33,-3,-3,-3,,,
2017-10-19,4,-3,-3,-3,-3,,,
2017-10-19,5,-3,-3,-3,-3,,,
2017-10-19,6,-1.5,0,0,0,,,
2017-10-19,7,0,0,0,0,,,
2017-10-19,8,0,0,0,0,,,
2017-10-19,9,0,0,0,0,,,
2017-10-19,10,0,0,0,0,,,
2017-10-19,11,0,0,0,0,,,
2017-10-19,12,0,-0.02,0,0,,,
2017-10-19,13,0,0,-0.02,-0.02,,,
2017-10-19,14,0,0,0,0,,,
2017-10-19,15,0,0,0,0,,,
2017-10-19,16,1.42,4.88,0,0,,,
2017-10-19,17,7.31,6.06,6.1,6.06,,,
2017-10-19,18,13,6.16,10.16,13.36,,,
2017-10-19,19,24.55,14.37,13.38,13.38,,,
2017-10-19,20,8.36,13,13,13.34,,,
2017-10-19,21,4.19,13,8.16,6.06,,,
2017-10-19,22,1.4,5.94,5.9,4.81,,,
2017-10-19,23,-1.52,0,0,0,,,
2017-10-19,24,-2.75,-3,-3,-3,,,
2017-10-20,1,-2.75,-3,-3,-3,,,
2017-10-20,2,-3,-3,-3,-3,,,
2017-10-20,3,-3.17,-3,-3,-3,,,
2017-10-20,4,-3,-3,-3,-3,,,
2017-10-20,5,-0.58,-3,0,0,,,
2017-10-20,6,10.11,5.21,5.9,13,,,
2017-10-20,7,20.47,13.34,13.01,13.36,,,
2017-10-20,8,10.63,13.02,13.02,13.01,,,
2017-10-20,9,3.21,13.02,13.02,13.01,,,
2017-10-20,10,4.95,13.01,13.02,31.88,,,
2017-10-20,11,5.27,13,13.02,28.19,,,
2017-10-20,12,1.67,13,13,14.37,,,
2017-10-20,13,0,13.01,13,6.14,,,
2017-10-20,14,2.48,6.12,13.01,5.87,,,
2017-10-20,15,0.8,4.8,6.1,17.7,,,
2017-10-20,16,7.28,5.9,13,14.35,,,
2017-10-20,17,31.62,6.06,14.25,31.5,,,
2017-10-20,18,71.43,13,13.01,13.41,,,
2017-10-20,19,8.8,45.02,13.01,17.53,,,
2017-10-20,20,0,13.02,13.02,14.36,,,
2017-10-20,21,1.83,5.87,13,13.02,,,
2017-10-20,22,0.89,0,0,5.13,,,
2017-10-20,23,-0.51,0,0,0,,,
2017-10-20,24,-2.76,-3,0,-0.1,,,
2017-10-21,1,-2.29,-3,-3,-0.02,,,
2017-10-21,2,-2.04,-3,-3,-3,,,
2017-10-21,3,-3,-3,-3,-3,,,
2017-10-21,4,-3,-3,-3,-3,,,
2017-10-21,5,-0.86,-3,-3,-3,,,
2017-10-21,6,-1.77,-3,-3,-3,,,
2017-10-21,7,-0.25,0,0,0,,,
2017-10-21,8,5.71,5.9,5.9,6.02,,,
2017-10-21,9,6.72,6.14,6.04,6.04,,,
2017-10-21,10,6.05,6.04,6.06,6.04,,,
2017-10-21,11,14.37,6.12,6.1,5.94,,,
2017-10-21,12,14.36,5.94,5.09,5.13,,,
2017-10-21,13,14.36,13,1,4.8,,,
2017-10-21,14,14.36,4.78,0,0,,,
2017-10-21,15,14.34,13,4.78,0,,,
2017-10-21,16,13.65,13,13.01,13,,,
2017-10-21,17,5.86,13.01,13,13.01,,,
2017-10-21,18,6.07,13.01,13.01,13.01,,,
2017-10-21,19,2.8,13.01,13.01,13.01,,,
2017-10-21,20,2.17,13,13,13,,,
2017-10-21,21,0,5.21,6.02,5.87,,,
2017-10-21,22,-0.52,0,0,0,,,
2017-10-21,23,-2.76,-1,0,-0.02,,,
2017-10-21,24,-3,-3,-3,-3,,,
2017-10-22,1,-1.81,-3,-3,-3,,,
2017-10-22,2,-3,-3,-3,-3,,,
2017-10-22,3,-3,-3,-3,-3,,,
2017-10-22,4,-3,-3,-3,-3,,,
2017-10-22,5,-3,-3,-3,-3,,,
2017-10-22,6,-3,-3,-3,-3,,,
2017-10-22,7,-3,-3,-3,-3,,,
2017-10-22,8,-3,-0.02,0,-0.25,,,
2017-10-22,9,-2.54,0,0,0,,,
2017-10-22,10,-0.01,0,0,0,,,
2017-10-22,11,0,0,0,0,,,
2017-10-22,12,0,0,0,0,,,
2017-10-22,13,-0.04,0,0,0,,,
2017-10-22,14,0.4,0,0,0,,,
2017-10-22,15,2.13,0,0,0,,,
2017-10-22,16,17.33,6.14,0,0,,,
2017-10-22,17,10.88,13,13,6.12,,,
2017-10-22,18,5.84,13.01,13,13.01,,,
2017-10-22,19,7.35,13,13,13,,,
2017-10-22,20,1.85,13,13,13,,,
2017-10-22,21,1.31,6.1,10.68,6.04,,,
2017-10-22,22,0,0,4.8,0,,,
2017-10-22,23,-0.78,0,0,0,,,
2017-10-22,24,-0.29,0,0,0,,,
2017-10-23,1,-1.09,-1,0,-0.1,,,
2017-10-23,2,-1.33,-3,-0.25,-0.02,,,
2017-10-23,3,-3,-3,-3,-3,,,
2017-10-23,4,-3,-0.02,0,-3,,,
2017-10-23,5,-0.5,0,0,0,,,
2017-10-23,6,0.43,5.87,5.87,5.87,,,
2017-10-23,7,6.45,13,13,13,,,
2017-10-23,8,5.27,6.08,6.08,6.08,,,
2017-10-23,9,0.8,5.92,6.08,6.1,,,
2017-10-23,10,6.06,5.88,6.06,6.08,,,
2017-10-23,11,4.26,0,5.16,5.15,,,
2017-10-23,12,0,4.83,5.88,5.88,,,
2017-10-23,13,3.64,5.13,0,1,,,
2017-10-23,14,13.18,0,0,0,,,
2017-10-23,15,9.19,13,4.83,0,,,
2017-10-23,16,2.64,13.01,13,0,,,
2017-10-23,17,0,13,13,13,,,
2017-10-23,18,5.08,13,13,13,,,
2017-10-23,19,3.72,13,13,13,,,
2017-10-23,20,4.42,12,13,12,,,
2017-10-23,21,0.82,6.04,6.02,6.04,,,
2017-10-23,22,0,0,0,0,,,
2017-10-23,23,-1.04,0,0,0,,,
2017-10-23,24,-3,-3,-3,-3,,,
2017-10-24,1,-3,-3,-3,-3,,,
2017-10-24,2,-3,-3,-3,-3,,,
2017-10-24,3,-3,-3,-3,-3,,,
2017-10-24,4,-3,-3,-3,-3,,,
2017-10-24,5,-3,-0.02,-0.02,0,,,
2017-10-24,6,-1.76,0,0,0,,,
2017-10-24,7,0,0,0,0,,,
2017-10-24,8,0,0,5.88,4.85,,,
2017-10-24,9,0,0,0,0,,,
2017-10-24,10,0,0,0,0,,,
2017-10-24,11,-0.05,0,0,0,,,
2017-10-24,12,-0.87,0,0,0,,,
2017-10-24,13,-0.01,-0.02,0,0,,,
2017-10-24,14,-0.29,-1,-0.02,-0.02,,,
2017-10-24,15,0,0,0,0,,,
2017-10-24,16,0,0,0,0,,,
2017-10-24,17,0,0,0,0,,,
2017-10-24,18,0,0,0,0,,,
2017-10-24,19,0,0,0,0,,,
2017-10-24,20,0,0,0,0,,,
2017-10-24,21,0,0,0,0,,,
2017-10-24,22,-1.51,0,0,0,,,
2017-10-24,23,-3,-3,-3,-3,,,
2017-10-24,24,-3,-3,-3,-3,,,
2017-10-25,1,-3,-3,-3,-3,,,
2017-10-25,2,-3,-3,-3,-3,,,
2017-10-25,3,-3.17,-3,-3,-3,,,
2017-10-25,4,-3.17,-3,-3,-3,,,
2017-10-25,5,-3.43,-3,-3,-3,,,
2017-10-25,6,-1.5,0,0,0,,,
2017-10-25,7,5.35,4.83,5.15,4.8,,,
2017-10-25,8,11.3,12.09,12.52,12.11,,,
2017-10-25,9,5.54,0,5.16,5.88,,,
2017-10-25,10,1.69,0,0,0,,,
2017-10-25,11,0,6.06,0,0,,,
2017-10-25,12,0,0,5.88,0,,,
2017-10-25,13,0,0,0,4.81,,,
2017-10-25,14,0,0,0,0,,,
2017-10-25,15,6.11,0,0,0,,,
2017-10-25,16,23.36,13,13,12.14,,,
2017-10-25,17,28.59,13.01,13.01,13,,,
2017-10-25,18,51.38,36.51,24.01,32.56,,,
2017-10-25,19,45.13,41.42,41.2,36.33,,,
2017-10-25,20,30.44,34.73,35.29,33.39,,,
2017-10-25,21,50.71,31.11,33.04,33.39,,,
2017-10-25,22,16.93,27.06,26.69,22.68,,,
2017-10-25,23,10.24,13,13,13.31,,,
2017-10-25,24,6.82,13,13,13,,,
2017-10-26,1,9.7,6.1,9.67,6.06,,,
2017-10-26,2,13.27,6.16,6.16,6.1,,,
2017-10-26,3,9.06,11.98,6.06,6.1,,,
2017-10-26,4,9.93,6.16,13,6.12,,,
2017-10-26,5,11.73,8.16,8.26,8.26,,,
2017-10-26,6,23.55,36.41,34.14,34.13,,,
2017-10-26,7,178.91,33.8,33.8,33.8,,,
2017-10-26,8,73.9,20.2,20.16,33.8,,,
2017-10-26,9,14.35,14.4,14.35,14.36,,,
2017-10-26,10,8.53,13.02,13.02,14.38,,,
2017-10-26,11,11.68,12.14,13.03,14.37,,,
2017-10-26,12,7.45,13.02,13.02,14.3,,,
2017-10-26,13,14.36,13.02,13.03,13.01,,,
2017-10-26,14,8.19,13.03,13.02,13.01,,,
2017-10-26,15,18.16,14.35,14.35,13.02,,,
2017-10-26,16,27.31,14.4,18.79,14.35,,,
2017-10-26,17,13.38,14.38,16.67,28.31,,,
2017-10-26,18,29.52,18.2,18.2,33.8,,,
2017-10-26,19,24.87,31.75,26.08,34.06,,,
2017-10-26,20,23.82,17.5,17.5,24.27,,,
2017-10-26,21,12.14,26.48,23.2,13.92,,,
2017-10-26,22,3.03,13.38,13.34,13.02,,,
2017-10-26,23,6.27,6.14,13.02,11.97,,,
2017-10-26,24,2,6.12,6.14,13.01,,,
2017-10-27,1,8.48,6.12,6.12,13,,,
2017-10-27,2,4.85,6.02,5.87,5.21,,,
2017-10-27,3,1.23,5.94,5.94,0,,,
2017-10-27,4,0,4.8,5.09,0,,,
2017-10-27,5,0,6.02,5.23,6.04,,,
2017-10-27,6,2.38,13.35,13.36,13.34,,,
2017-10-27,7,5.42,13.35,13.36,13.36,,,
2017-10-27,8,6.65,13.35,33.07,13.38,,,
2017-10-27,9,5.78,6.14,8.16,8.68,,,
2017-10-27,10,3.25,13.01,13.01,6.06,,,
2017-10-27,11,1.21,5.15,6.06,6.12,,,
2017-10-27,12,0,0,5.16,0,,,
2017-10-27,13,0,5.88,5.29,0,,,
2017-10-27,14,0.4,5.15,5.16,0,,,
2017-10-27,15,8.14,5.11,6.06,5.88,,,
2017-10-27,16,14.65,6.06,6.12,6.08,,,
2017-10-27,17,38.33,13.01,13,13,,,
2017-10-27,18,39.03,13.01,13.01,13,,,
2017-10-27,19,21.07,34.07,34.07,34.07,,,
2017-10-27,20,14.14,13.02,13.01,13,,,
2017-10-27,21,14.33,13.02,13.01,13,,,
2017-10-27,22,13.28,13.02,11.08,13,,,
2017-10-27,23,13.65,6.06,13,6.04,,,
2017-10-27,24,12.96,5.94,6.02,13,,,
2017-10-28,1,5.65,0,0,4.78,,,
2017-10-28,2,1.62,0,0,-1,,,
2017-10-28,3,-0.51,-0.02,0,-3,,,
2017-10-28,4,-3.58,-3,-3,-3,,,
2017-10-28,5,0.43,-0.25,-0.1,-3,,,
2017-10-28,6,1.83,4.8,0,0,,,
2017-10-28,7,8.55,13,6.14,6.1,,,
2017-10-28,8,15.03,13.01,13.01,13,,,
2017-10-28,9,82.33,13.03,13.02,13.02,,,
2017-10-28,10,10.27,13.01,13.01,13.01,,,
2017-10-28,11,29.71,12.56,8.56,6.06,,,
2017-10-28,12,6.2,0,0,2.89,,,
2017-10-28,13,5.99,0,0,5.87,,,
2017-10-28,14,5.18,0.05,0,0,,,
2017-10-28,15,8.81,6.1,6.1,5.94,,,
2017-10-28,16,14.42,6.14,6.14,13.01,,,
2017-10-28,17,15.72,13,13,13.01,,,
2017-10-28,18,10.22,13.01,13,13.01,,,
2017-10-28,19,6.74,13,13,13.01,,,
2017-10-28,20,7.42,13,12.21,13,,,
2017-10-28,21,13.96,6.12,11.1,6.12,,,
2017-10-28,22,16.05,6.14,6.14,6.04,,,
2017-10-28,23,7.46,5.16,0,0,,,
2017-10-28,24,2.78,0,0,0,,,
2017-10-29,1,5.83,0,0,0,,,
2017-10-29,2,4.78,-1,-3,-1,,,
2017-10-29,3,-1.75,0,-4,-4,,,
2017-10-29,4,-4,-4,-4,-4,,,
2017-10-29,5,-1.71,-3,-0.25,-1,,,
2017-10-29,6,7.33,5.87,5.94,4,,,
2017-10-29,7,11.61,8,8,6.12,,,
2017-10-29,8,15.18,11,8.23,8,,,
2017-10-29,9,14.35,14.25,13.01,6.14,,,
2017-10-29,10,13.34,13.34,13.26,13,,,
2017-10-29,11,13.33,13.37,13.34,13.01,,,
2017-10-29,12,13.34,13.34,13.33,13,,,
2017-10-29,13,23.82,20.64,20.56,13.23,,,
2017-10-29,14,19.45,19.72,19.6,20.05,,,
2017-10-29,15,14.54,21.78,19.93,19.26,,,
2017-10-29,16,23.73,24.9,21.65,20.68,,,
2017-10-29,17,15.82,20.14,19.65,21.15,,,
2017-10-29,18,18.06,21.23,22.18,32.67,,,
2017-10-29,19,15.82,21.27,18.79,30.5,,,
2017-10-29,20,20.79,13.01,13.01,13.02,,,
2017-10-29,21,2.7,14.33,13.02,13.02,,,
2017-10-29,22,6.69,6.1,6.14,10,,,
2017-10-29,23,3.03,10,6.14,6.12,,,
2017-10-29,24,0,0,3,0,,,
2017-10-30,1,0,0,0,0,,,
2017-10-30,2,-2.03,0,0,0,,,
2017-10-30,3,-2.07,0,0,0,,,
2017-10-30,4,-2.75,-0.1,0,0,,,
2017-10-30,5,0,0,0,0,,,
2017-10-30,6,3.8,6.1,8.16,6.12,,,
2017-10-30,7,13.6,12.75,12.75,13,,,
2017-10-30,8,0.4,6.12,6.1,8.16,,,
2017-10-30,9,1.2,13.01,13.01,12,,,
2017-10-30,10,2.18,13,13,6.1,,,
2017-10-30,11,0,13,13,6.12,,,
2017-10-30,12,0,6.06,6.02,6.06,,,
2017-10-30,13,0,4.8,5.11,4.8,,,
2017-10-30,14,0,5.09,4.8,4.8,,,
2017-10-30,15,0,3.16,3.16,4.8,,,
2017-10-30,16,4.32,6.06,6.04,6.1,,,
2017-10-30,17,10.88,13.01,13.01,6.14,,,
2017-10-30,18,13.97,13.01,13.01,12.9,,,
2017-10-30,19,6.06,14.35,13.01,12.9,,,
2017-10-30,20,4.34,14.34,13,12.5,,,
2017-10-30,21,4.07,13,13.01,12.5,,,
2017-10-30,22,1.98,5.94,5.94,6.04,,,
2017-10-30,23,0,0,0,0,,,
2017-10-30,24,-0.56,0,0,0,,,
2017-10-31,1,-3,0,0,0,,,
2017-10-31,2,-3,0,0,0,,,
2017-10-31,3,-3,-0.02,-0.02,-0.02,,,
2017-10-31,4,-3,0,0,0,,,
2017-10-31,5,-1.52,0,0,0,,,
2017-10-31,6,0,5.94,5.98,5.98,,,
2017-10-31,7,9.39,14.36,14.37,13,,,
2017-10-31,8,5.38,14.34,14.36,14.37,,,
2017-10-31,9,0,6.06,6.06,6.1,,,
2017-10-31,10,0,6.1,6.1,5.27,,,
2017-10-31,11,0,0,5.9,6.06,,,
2017-10-31,12,0,0,5.18,4.83,,,
2017-10-31,13,0,0,0,0,,,
2017-10-31,14,3.13,1.9,6.06,0,,,
2017-10-31,15,19.43,8.4,9.03,6.16,,,
2017-10-31,16,39.4,13,13,33.97,,,
2017-10-31,17,38.92,40.21,40.21,34.45,,,
2017-10-31,18,37.04,54.79,45.74,38.34,,,
2017-10-31,19,13.47,50.93,50.93,43.32,,,
2017-10-31,20,1.64,36.87,40.62,41.13,,,
2017-10-31,21,2.4,32.67,33.28,37.3,,,
2017-10-31,22,2.85,25.05,26.67,32.67,,,
2017-10-31,23,-0.03,13.57,13.57,25,,,
2017-10-31,24,-0.25,13,13,13,,,
2017-11-01,1,8.53,13,13,13,,,
2017-11-01,2,16.98,13.36,13.34,27.13,,,
2017-11-01,3,13.37,13.35,13.34,25,,,
2017-11-01,4,18.55,19.97,13.38,29.17,,,
2017-11-01,5,15.22,32.17,33.56,34.12,,,
2017-11-01,6,32.28,46.69,43.43,43.43,,,
2017-11-01,7,76.74,44.16,44.96,51.71,,,
2017-11-01,8,67.53,51.71,46.71,51.71,,,
2017-11-01,9,45.37,44.38,46.68,40.52,,,
2017-11-01,10,87.52,44.3,43,38.51,,,
2017-11-01,11,44.71,45.11,40.22,38.51,,,
2017-11-01,12,40.49,44.08,40,36.63,,,
2017-11-01,13,37.49,35.28,35,35.28,,,
2017-11-01,14,141.25,36.79,36.79,35.5,,,
2017-11-01,15,147.69,34.72,34.72,34.12,,,
2017-11-01,16,46.87,40.98,35.56,35.56,,,
2017-11-01,17,36.99,40,38.51,40.19,,,
2017-11-01,18,35.68,51.71,51,59.57,,,
2017-11-01,19,31.77,59.74,59.74,60.32,,,
2017-11-01,20,31.32,37.51,37.51,46.95,,,
2017-11-01,21,29.5,36.73,36.81,37.5,,,
2017-11-01,22,18.77,34.12,33.89,33.89,,,
2017-11-01,23,13.17,24.79,24.79,24.79,,,
2017-11-01,24,9.36,14.34,14.32,13.01,,,
2017-11-02,1,7.48,13,13,6.08,,,
2017-11-02,2,1.7,5.98,5.96,5.96,,,
2017-11-02,3,0,0,0,0,,,
2017-11-02,4,0,0,0,0,,,
2017-11-02,5,0,5.98,5.96,5.96,,,
2017-11-02,6,1.5,13,14.33,13,,,
2017-11-02,7,9.21,14.36,13,13,,,
2017-11-02,8,13.67,29.13,29.13,14.35,,,
2017-11-02,9,29.91,32.66,32.66,13,,,
2017-11-02,10,14.35,32.66,27.37,30.39,,,
2017-11-02,11,16.22,16.86,14.37,14.37,,,
2017-11-02,12,23.26,18.16,14.39,19.78,,,
2017-11-02,13,6.78,25.12,25.12,27.81,,,
2017-11-02,14,15.49,30.65,30.65,32.66,,,
2017-11-02,15,14.36,32.66,32.66,32.66,,,
2017-11-02,16,13.67,34.64,33.58,34.08,,,
2017-11-02,17,14.35,36.94,36.94,36.87,,,
2017-11-02,18,2.92,38.09,36.96,36.51,,,
2017-11-02,19,2.69,39.13,39.13,36.96,,,
2017-11-02,20,5.2,32.66,35.49,35.49,,,
2017-11-02,21,5.73,32.66,32.66,32.66,,,
2017-11-02,22,6.86,24.41,24.41,13,,,
2017-11-02,23,0.5,13,13,13,,,
2017-11-02,24,0,10.43,13,6.08,,,
2017-11-03,1,14.35,2.57,5.23,13,,,
2017-11-03,2,0,0,0,2.57,,,
2017-11-03,3,-0.55,0,0,0,,,
2017-11-03,4,-2.25,0,0,0,,,
2017-11-03,5,0,5.96,5.96,5.96,,,
2017-11-03,6,2.55,14.33,14.33,14.33,,,
2017-11-03,7,24.45,14.39,14.38,24,,,
2017-11-03,8,10.22,32.92,30.01,32.92,,,
2017-11-03,9,6.1,28.38,31.83,15,,,
2017-11-03,10,5.36,14.39,19.21,31.94,,,
2017-11-03,11,0,13,13,14.36,,,
2017-11-03,12,0,13,13.01,14.34,,,
2017-11-03,13,0,12.98,13,14.36,,,
2017-11-03,14,0,12.37,12.37,16.53,,,
2017-11-03,15,0,6.08,13,6.08,,,
2017-11-03,16,3.95,13,14.35,19.92,,,
2017-11-03,17,2.88,27.42,20,28.87,,,
2017-11-03,18,39.42,33.16,33.2,16,,,
2017-11-03,19,68.23,40.5,40.5,26.53,,,
2017-11-03,20,29.07,37.63,38.27,33.74,,,
2017-11-03,21,22.21,29.65,29.65,29.65,,,
2017-11-03,22,16.6,24.81,24.81,31.82,,,
2017-11-03,23,4.6,14.35,14.33,14.37,,,
2017-11-03,24,6.54,14.32,14.34,14.34,,,
2017-11-04,1,6.1,13,13,13,,,
2017-11-04,2,6.76,13,13,6.08,,,
2017-11-04,3,7.46,6.06,6.08,6.06,,,
2017-11-04,4,6.06,5.88,5.96,5.96,,,
2017-11-04,5,9.52,6.08,6.06,10.43,,,
2017-11-04,6,2.4,13.01,13.01,13,,,
2017-11-04,7,5.1,13,13,13,,,
2017-11-04,8,4.03,13.01,14.33,13,,,
2017-11-04,9,3.14,13,13,13,,,
2017-11-04,10,2.63,13.01,13,6.88,,,
2017-11-04,11,0,13,14.33,14.35,,,
2017-11-04,12,0,13.01,13,14.34,,,
2017-11-04,13,0,13.01,13,6.04,,,
2017-11-04,14,0,13,13,14.35,,,
2017-11-04,15,0,5.96,6.08,6.14,,,
2017-11-04,16,0,5.88,5.96,5.98,,,
2017-11-04,17,0,10.43,10.43,10.43,,,
2017-11-04,18,0,13,13,15.56,,,
2017-11-04,19,0,6.06,6.14,6.06,,,
2017-11-04,20,0,5.98,6.04,6.04,,,
2017-11-04,21,0,0,4.8,4.83,,,
2017-11-04,22,0,0,0,0,,,
2017-11-04,23,-1.26,0,0,0,,,
2017-11-04,24,-3,-3,-3,0,,,
2017-11-05,1,-3,-3,-3,-0.25,,,
2017-11-05,2,-3.08,-3,-3,-3,,,
2017-11-05,3,-3.17,-3,-3,-3,,,
2017-11-05,4,-3.67,-4,-4,-4,,,
2017-11-05,5,-4,-4,-4,-4.1,,,
2017-11-05,6,-3.75,-4,-4,-4,,,
2017-11-05,7,-3.08,-3,-3,-3,,,
2017-11-05,8,-1.52,-3,-3,-3,,,
2017-11-05,9,0,0,0,0,,,
2017-11-05,10,0,0,0,0,,,
2017-11-05,11,0,0,0,0,,,
2017-11-05,12,0,0,0,0,,,
2017-11-05,13,0,4.83,0,0,,,
2017-11-05,14,1.36,4.8,0,0,,,
2017-11-05,15,0,6.08,0,0,,,
2017-11-05,16,0,4.81,6.06,0,,,
2017-11-05,17,0.8,13,6.06,19.55,,,
2017-11-05,18,0,13.01,13,13.25,,,
2017-11-05,19,3.23,13,13,25.69,,,
2017-11-05,20,5.35,6.06,13,13.34,,,
2017-11-05,21,0.81,13,6.04,5.96,,,
2017-11-05,22,6.92,12,13.36,2,,,
2017-11-05,23,-0.78,5.09,5.88,4.8,,,
2017-11-05,24,-3,0,0,0,,,
2017-11-06,1,-3,-3,-0.25,-3,,,
2017-11-06,2,-3,-3,-3,-3,,,
2017-11-06,3,-3,-4,-3,-3,,,
2017-11-06,4,-3,-3,-3,-3,,,
2017-11-06,5,-3,-3,-3,-3,,,
2017-11-06,6,-3,-3,-3,-3,,,
2017-11-06,7,-0.51,5.98,5.98,5.15,,,
2017-11-06,8,0,6.06,6.06,6.08,,,
2017-11-06,9,0,5.98,5.98,5.98,,,
2017-11-06,10,0,0,5.88,0,,,
2017-11-06,11,0,5.13,4.85,0,,,
2017-11-06,12,0,6.08,4.86,0,,,
2017-11-06,13,0.43,13,13,5.88,,,
2017-11-06,14,6.65,13,13,13.36,,,
2017-11-06,15,5.36,13,13,13.33,,,
2017-11-06,16,2.05,13.38,13.37,30.73,,,
2017-11-06,17,9.34,32.88,38.41,33.55,,,
2017-11-06,18,40.02,32.86,36.43,41.2,,,
2017-11-06,19,43.86,36.45,36.44,36.45,,,
2017-11-06,20,43.96,36.45,36.45,35,,,
2017-11-06,21,33.3,36.45,36.53,37.42,,,
2017-11-06,22,22.56,31.28,31.91,36.11,,,
2017-11-06,23,10.13,13.32,13.03,13.36,,,
2017-11-06,24,14.05,6.06,6.08,6.04,,,
2017-11-07,1,12.14,12.75,13,13,,,
2017-11-07,2,6.67,5.96,6.04,12.75,,,
2017-11-07,3,6.04,5.96,5.96,5.96,,,
2017-11-07,4,5.99,5.96,6.04,5.96,,,
2017-11-07,5,7.25,6.06,6.04,6.04,,,
2017-11-07,6,9.08,13.32,13.33,13,,,
2017-11-07,7,14.95,33.55,33.55,33.55,,,
2017-11-07,8,27.45,33.55,33.55,33.55,,,
2017-11-07,9,14.77,33.55,33.55,33.55,,,
2017-11-07,10,4.75,13.34,13.03,33.55,,,
2017-11-07,11,0.91,13.02,13.02,13.1,,,
2017-11-07,12,0,13,13,13,,,
2017-11-07,13,0.84,13.31,13.32,33.55,,,
2017-11-07,14,10.41,33.55,30.41,13.01,,,
2017-11-07,15,29.98,33.55,33.55,33.55,,,
2017-11-07,16,6.68,33.92,33.55,33.55,,,
2017-11-07,17,22.59,43.43,45,34.23,,,
2017-11-07,18,32.55,42.73,45,48.93,,,
2017-11-07,19,10.92,37.4,37.4,45,,,
2017-11-07,20,6.04,34.47,35.9,39.97,,,
2017-11-07,21,17.17,35.05,35.35,35.04,,,
2017-11-07,22,21.85,37.4,37.4,36.79,,,
2017-11-07,23,5.7,13.34,13.35,33.55,,,
2017-11-07,24,7.6,6.06,13.01,13,,,
2017-11-08,1,7.78,13,13,13,,,
2017-11-08,2,3.64,6.06,13,6.06,,,
2017-11-08,3,6.04,6.06,6.06,5.98,,,
2017-11-08,4,5.51,5.98,6.04,0,,,
2017-11-08,5,7.25,5.98,6.04,5.13,,,
2017-11-08,6,4.83,13.34,13.33,13.33,,,
2017-11-08,7,17.29,35.26,35.75,35.26,,,
2017-11-08,8,38.27,43.25,42.58,35.26,,,
2017-11-08,9,25.84,35.7,35.26,35.26,,,
2017-11-08,10,11.5,33.28,13.37,33.14,,,
2017-11-08,11,6.12,13.35,13.36,13.01,,,
2017-11-08,12,4.78,13.01,13.01,35.26,,,
2017-11-08,13,6.02,6.08,13,13,,,
2017-11-08,14,6.05,12.8,12.8,13,,,
2017-11-08,15,6.01,13.01,13.01,13.35,,,
2017-11-08,16,7.97,20,20,33.51,,,
2017-11-08,17,29.64,44.5,44.5,34.69,,,
2017-11-08,18,43.88,41.53,45.11,37.3,,,
2017-11-08,19,38.6,37.28,42.73,37.28,,,
2017-11-08,20,36.81,37.47,37.28,37.28,,,
2017-11-08,21,34.75,35.89,37.26,34.99,,,
2017-11-08,22,21.61,35,35,34.49,,,
2017-11-08,23,9.14,13.38,16,33.31,,,
2017-11-08,24,1.51,13,13,13,,,
2017-11-09,1,0.49,5.96,5.98,5.98,,,
2017-11-09,2,0,0,5.88,0,,,
2017-11-09,3,0,5.96,5.88,4.8,,,
2017-11-09,4,1.25,5.96,5.88,0,,,
2017-11-09,5,0.49,5.96,5.96,0,,,
2017-11-09,6,1.33,13,13,6.14,,,
2017-11-09,7,1.49,13.34,13.02,13,,,
2017-11-09,8,25.79,31,31,35,,,
2017-11-09,9,86.4,20,20,35.6,,,
2017-11-09,10,8.5,13.01,13,6.04,,,
2017-11-09,11,2.63,13,13,5.13,,,
2017-11-09,12,0,13,6.04,0,,,
2017-11-09,13,0,5.3,0,0,,,
2017-11-09,14,0,0,0,0,,,
2017-11-09,15,0,0,0,0,,,
2017-11-09,16,0.84,0,4.85,0,,,
2017-11-09,17,0.43,13,6.08,6.06,,,
2017-11-09,18,0,13.01,13.01,13,,,
2017-11-09,19,0,6.06,13,6.06,,,
2017-11-09,20,0,5.88,5.88,5.23,,,
2017-11-09,21,0,5.96,6.08,16.61,,,
2017-11-09,22,1.87,9.09,10.65,6.06,,,
2017-11-09,23,0,0,5.23,0.06,,,
2017-11-09,24,0,0,0,0,,,
2017-11-10,1,0,0,0,0,,,
2017-11-10,2,0,0,0,0,,,
2017-11-10,3,0,0,0,0,,,
2017-11-10,4,0,0,0,0,,,
2017-11-10,5,0,0,0,0,,,
2017-11-10,6,0,13,13,6.06,,,
2017-11-10,7,1.95,13.01,13.01,13,,,
2017-11-10,8,1.98,13.35,13.02,34.22,,,
2017-11-10,9,0.83,13.33,13.02,32.97,,,
2017-11-10,10,5.77,14.36,14.36,13.02,,,
2017-11-10,11,9.61,16.06,16.06,14.29,,,
2017-11-10,12,16.2,16,16,37.28,,,
2017-11-10,13,2.91,13.01,13.01,37.28,,,
2017-11-10,14,0.5,14.36,14.37,14.35,,,
2017-11-10,15,0,25.98,14.39,18.86,,,
2017-11-10,16,4.51,29.6,29.6,26.84,,,
2017-11-10,17,49.81,39.76,39.76,39.77,,,
2017-11-10,18,73.98,39.78,39.77,39.75,,,
2017-11-10,19,88.75,48.06,39.78,39.78,,,
2017-11-10,20,39.9,46.62,37.6,41.38,,,
2017-11-10,21,38.3,41.22,41.22,39.75,,,
2017-11-10,22,31.83,39.76,39.78,46.62,,,
2017-11-10,23,15.76,26.85,34.23,39.7,,,
2017-11-10,24,13.66,26.83,26.84,34.63,,,
2017-11-11,1,25.27,14.4,26.27,20.49,,,
2017-11-11,2,17.35,14.37,14.37,14.36,,,
2017-11-11,3,14.38,14.4,14.36,14.36,,,
2017-11-11,4,14.37,14.38,20,14.34,,,
2017-11-11,5,14.37,14.39,14.4,14.37,,,
2017-11-11,6,22.99,14.38,24.2,14.39,,,
2017-11-11,7,35.4,37.65,37.65,37.65,,,
2017-11-11,8,29.92,37.65,37.65,37.65,,,
2017-11-11,9,14.36,37.65,37.65,37.65,,,
2017-11-11,10,16.93,37.65,37.65,37.65,,,
2017-11-11,11,15.19,37.65,37.65,37.65,,,
2017-11-11,12,32.81,37.65,37.65,37.65,,,
2017-11-11,13,19.21,28,34.03,37.65,,,
2017-11-11,14,14.37,14.37,14.35,36.71,,,
2017-11-11,15,14.37,14.35,14.35,14.36,,,
2017-11-11,16,24.22,30.78,35.61,37.65,,,
2017-11-11,17,38.88,41,42.26,40.73,,,
2017-11-11,18,40.84,42.3,42.28,42.3,,,
2017-11-11,19,40.35,40.96,42.15,44.58,,,
2017-11-11,20,34.16,37.65,37.65,40.71,,,
2017-11-11,21,35.1,37.65,37.65,38.97,,,
2017-11-11,22,36.36,37.65,37.65,37.77,,,
2017-11-11,23,38.5,37.65,37.65,37.65,,,
2017-11-11,24,14.35,14.34,14.32,14.33,,,
2017-11-12,1,36.15,13,13,13,,,
2017-11-12,2,39.03,13,13,13,,,
2017-11-12,3,14.37,13,13,13,,,
2017-11-12,4,6.57,13,13,13,,,
2017-11-12,5,14.35,14.31,13,13,,,
2017-11-12,6,14.35,13,13,13,,,
2017-11-12,7,15.99,13,13,13,,,
2017-11-12,8,35.5,30,30,35.33,,,
2017-11-12,9,35.49,31.72,35.04,36.85,,,
2017-11-12,10,36.76,36.85,35.59,36.85,,,
2017-11-12,11,25.35,31.21,29.04,36.85,,,
2017-11-12,12,15.18,19,24.04,36.85,,,
2017-11-12,13,20.75,20,31,36.85,,,
2017-11-12,14,36.1,17.99,20.99,29.88,,,
2017-11-12,15,33.91,18.88,20,22,,,
2017-11-12,16,17.01,32,35.35,36.78,,,
2017-11-12,17,22.95,36.92,36.98,45.1,,,
2017-11-12,18,35.21,40.71,45.1,49.16,,,
2017-11-12,19,32.21,39.36,40.54,49.3,,,
2017-11-12,20,19.97,34.94,35.59,42.25,,,
2017-11-12,21,21.63,36.85,35.67,40.75,,,
2017-11-12,22,24.91,36.85,36.85,38.27,,,
2017-11-12,23,26.78,36.85,36.85,36.85,,,
2017-11-12,24,23.49,28,28,35.6,,,
2017-11-13,1,9.99,13,13,13,,,
2017-11-13,2,11.58,13,13,13,,,
2017-11-13,3,14.34,13,13,13,,,
2017-11-13,4,14.35,13,13,13,,,
2017-11-13,5,3.17,13,13,5.15,,,
2017-11-13,6,14.62,20,20,22.5,,,
2017-11-13,7,33.31,39.47,38.91,38.91,,,
2017-11-13,8,50.68,53.61,53.61,38.98,,,
2017-11-13,9,50.69,39.04,39.04,39.03,,,
2017-11-13,10,94.39,38.98,38.82,38.8,,,
2017-11-13,11,172.91,42.39,38.79,38.28,,,
2017-11-13,12,61.75,39.02,38.52,38.74,,,
2017-11-13,13,38.54,38.53,37.25,37.83,,,
2017-11-13,14,38.5,38.52,38.52,37.34,,,
2017-11-13,15,39.26,38.06,36.85,36.85,,,
2017-11-13,16,33.55,37.3,39,39.01,,,
2017-11-13,17,41.22,41.14,41.15,41.69,,,
2017-11-13,18,43.91,44.09,44.09,45.74,,,
2017-11-13,19,43.33,45.11,45.11,41.97,,,
2017-11-13,20,40.01,40.73,40.92,39.76,,,
2017-11-13,21,38.79,38.61,39.02,39.75,,,
2017-11-13,22,35.12,38.69,38.69,38.09,,,
2017-11-13,23,27.85,36.85,35.99,36.85,,,
2017-11-13,24,17.43,26.16,27.57,36.85,,,
2017-11-14,1,31.34,18.95,20.61,26.95,,,
2017-11-14,2,18.57,13.35,13.34,13.36,,,
2017-11-14,3,13.36,13.34,13.32,13.01,,,
2017-11-14,4,13.38,13.38,13.35,13.01,,,
2017-11-14,5,4.43,13.34,13.34,13.01,,,
2017-11-14,6,5.8,13.37,13.35,13.35,,,
2017-11-14,7,26.29,37.8,38.62,38.65,,,
2017-11-14,8,37.84,38.04,38.03,39.99,,,
2017-11-14,9,38.39,38.26,38.04,38.28,,,
2017-11-14,10,38.27,37.91,37.8,38.28,,,
2017-11-14,11,37.94,36.86,36.86,36.87,,,
2017-11-14,12,36.56,36.87,35.2,38.02,,,
2017-11-14,13,35.95,36.87,36.87,32.5,,,
2017-11-14,14,34.44,34.26,34.25,34.26,,,
2017-11-14,15,30.85,27.68,27.68,28,,,
2017-11-14,16,29.43,33.89,33.89,33.87,,,
2017-11-14,17,30.94,37.7,36.63,39.77,,,
2017-11-14,18,33.29,38.16,39.36,38.72,,,
2017-11-14,19,29.06,38.72,37.67,38.74,,,
2017-11-14,20,26.45,36.21,36.21,36.07,,,
2017-11-14,21,31.66,34.65,35.98,37.8,,,
2017-11-14,22,23.79,35.6,35.6,35.61,,,
2017-11-14,23,7.27,17,17,35.34,,,
2017-11-14,24,0,13.37,13.36,13.35,,,
2017-11-15,1,0,13,13.02,13.34,,,
2017-11-15,2,0,13,13,13,,,
2017-11-15,3,0,4.8,13,13,,,
2017-11-15,4,0,13,13,0,,,
2017-11-15,5,0,6.06,13,5.09,,,
2017-11-15,6,0.92,6.04,6.06,5.25,,,
2017-11-15,7,1.43,13.34,13.35,13.34,,,
2017-11-15,8,1.92,13.36,13.36,13.02,,,
2017-11-15,9,6.05,14.01,14.39,14,,,
2017-11-15,10,6,36.85,36.85,36.85,,,
2017-11-15,11,10.18,13.01,13.02,13.24,,,
2017-11-15,12,18.49,13,13,13,,,
2017-11-15,13,44.89,13,6.14,5.98,,,
2017-11-15,14,45.44,13,13,13,,,
2017-11-15,15,13.49,13.37,13,13,,,
2017-11-15,16,5.1,19,15.24,13.02,,,
2017-11-15,17,2.89,26.67,25.42,31.42,,,
2017-11-15,18,5.94,20,22.8,25,,,
2017-11-15,19,5.99,13.34,15.38,13.36,,,
2017-11-15,20,5.29,13.33,13.33,13,,,
2017-11-15,21,6.62,6.06,13,13.01,,,
2017-11-15,22,5.42,6.04,6.04,6.08,,,
2017-11-15,23,2.3,0,0,0,,,
2017-11-15,24,0,0,0,0,,,
2017-11-16,1,0,0,0,0,,,
2017-11-16,2,0,0,0,0,,,
2017-11-16,3,0,0,0,0,,,
2017-11-16,4,-0.04,-0.02,-0.02,-0.02,,,
2017-11-16,5,-2.54,-0.02,-2,-0.1,,,
2017-11-16,6,-0.01,0,0,0,,,
2017-11-16,7,-0.25,0,0,0,,,
2017-11-16,8,0.98,0,4.83,4.83,,,
2017-11-16,9,0.8,5.16,5.98,5.88,,,
2017-11-16,10,3.75,0,5.15,5.15,,,
2017-11-16,11,5.75,5.15,5.89,4.86,,,
2017-11-16,12,6.09,6.08,6.08,5.88,,,
2017-11-16,13,7.67,6.07,6.08,0,,,
2017-11-16,14,2.33,0,4.85,0,,,
2017-11-16,15,7.3,6.08,6.08,6.08,,,
2017-11-16,16,17.92,13,13,6.14,,,
2017-11-16,17,16.01,32.12,30.63,30,,,
2017-11-16,18,32.13,32.57,32.57,32.13,,,
2017-11-16,19,32.64,33.19,33.36,33.36,,,
2017-11-16,20,34.38,35.89,34.97,34.95,,,
2017-11-16,21,25.62,33.18,35.13,34.8,,,
2017-11-16,22,20.7,25.06,24.88,28.1,,,
2017-11-16,23,31.5,15.16,24.83,25.29,,,
2017-11-16,24,29.85,12.9,13,13,,,
2017-11-17,1,13.34,13,13,13,,,
2017-11-17,2,13.34,13,13,13,,,
2017-11-17,3,13.34,13,13,6.08,,,
2017-11-17,4,13.33,13,8.93,6.04,,,
2017-11-17,5,15.5,12.99,13,13,,,
2017-11-17,6,10.48,13.34,13.01,13.38,,,
2017-11-17,7,25.03,37.69,37.66,37.66,,,
2017-11-17,8,36.09,37.66,37.72,48.54,,,
2017-11-17,9,32.49,34.74,34.89,44.23,,,
2017-11-17,10,35.37,36.89,36.28,37.13,,,
2017-11-17,11,30.06,29.28,30.28,36.28,,,
2017-11-17,12,33.78,37.09,37.08,37.1,,,
2017-11-17,13,12.13,25.62,25,36.28,,,
2017-11-17,14,10.92,24.37,27.44,14.16,,,
2017-11-17,15,7.88,15.89,15.89,27.44,,,
2017-11-17,16,13.03,26.47,22.05,24.4,,,
2017-11-17,17,114.31,36.28,37.74,38.52,,,
2017-11-17,18,77.76,63.59,50.13,46.54,,,
2017-11-17,19,15.22,39.56,36.28,36.28,,,
2017-11-17,20,10.03,29.45,32.36,34.74,,,
2017-11-17,21,9.53,14.75,15.35,33.73,,,
2017-11-17,22,8.07,14.34,14.35,14.34,,,
2017-11-17,23,5.3,6.06,13,14.16,,,
2017-11-17,24,0,4.81,4.81,13,,,
2017-11-18,1,0,0,0,0,,,
2017-11-18,2,0,0,0,0,,,
2017-11-18,3,0,0,0,0,,,
2017-11-18,4,0,0,0,0,,,
2017-11-18,5,0,0,0,0,,,
2017-11-18,6,0,0,0,0,,,
2017-11-18,7,0,0,0,0,,,
2017-11-18,8,7.47,6.04,6.04,5.23,,,
2017-11-18,9,49.06,13,13,13,,,
2017-11-18,10,85.83,13.01,13,13,,,
2017-11-18,11,139.26,20,13.33,13.01,,,
2017-11-18,12,13.36,13.35,13.33,20.01,,,
2017-11-18,13,17.34,31.86,27.56,30.48,,,
2017-11-18,14,13.34,24.24,15.97,35.71,,,
2017-11-18,15,14.04,39,35.71,35.71,,,
2017-11-18,16,8.16,35.71,35.71,35.71,,,
2017-11-18,17,5.96,56,39,40.4,,,
2017-11-18,18,3.93,64.53,64.53,61.23,,,
2017-11-18,19,1.39,13.27,13.24,6.14,,,
2017-11-18,20,0.49,5.96,5.98,5.88,,,
2017-11-18,21,4.41,5.98,6.04,6.04,,,
2017-11-18,22,0.9,0,0,4.81,,,
2017-11-18,23,0,0,0,0,,,
2017-11-18,24,0,0,0,0,,,
2017-11-19,1,0,0,0,0,,,
2017-11-19,2,-0.03,-3,-3,-3,,,
2017-11-19,3,-0.29,-3,-3,-3,,,
2017-11-19,4,-3,-3,-3,-3,,,
2017-11-19,5,-3,-3,-3,-3,,,
2017-11-19,6,-2.04,-3,-3,-3,,,
2017-11-19,7,-2.02,-3,-3,-3,,,
2017-11-19,8,-1.52,0,0,0,,,
2017-11-19,9,0,0,0,0,,,
2017-11-19,10,0,0,0,0,,,
2017-11-19,11,0,0,0,0,,,
2017-11-19,12,0,0,0,0,,,
2017-11-19,13,0.49,0,0,0,,,
2017-11-19,14,0.5,0,5.96,0,,,
2017-11-19,15,0,6.06,5.88,5.88,,,
2017-11-19,16,0,13,13,6.04,,,
2017-11-19,17,0.94,23.63,28,28.76,,,
2017-11-19,18,11.54,28,28.19,35,,,
2017-11-19,19,15.38,18.39,18.86,34.26,,,
2017-11-19,20,13.38,19.63,19.63,20.16,,,
2017-11-19,21,6.05,13,13,13,,,
2017-11-19,22,5.96,6.08,6.08,6.04,,,
2017-11-19,23,1.4,5.98,5.88,5.27,,,
2017-11-19,24,4.16,0,0,0,,,
2017-11-20,1,0,0,0,0,,,
2017-11-20,2,0,0,0,0,,,
2017-11-20,3,0,0,0,0,,,
2017-11-20,4,0,0,0,0,,,
2017-11-20,5,0,0,0,0,,,
2017-11-20,6,0,13,13,6.06,,,
2017-11-20,7,2.52,35.75,35.75,35.75,,,
2017-11-20,8,15.62,31.4,35.75,35.75,,,
2017-11-20,9,18.32,35.75,35.75,35.75,,,
2017-11-20,10,11.51,26.16,20,27.81,,,
2017-11-20,11,12.12,35.75,35.75,26.31,,,
2017-11-20,12,25.93,35.75,35.75,27.57,,,
2017-11-20,13,12.14,18,18,27.17,,,
2017-11-20,14,6.04,21.22,20,28.22,,,
2017-11-20,15,12.75,20,20,26.28,,,
2017-11-20,16,10.93,23.26,26.14,30,,,
2017-11-20,17,10.85,35.75,27.93,35.19,,,
2017-11-20,18,17.26,35.75,35.75,35.75,,,
2017-11-20,19,13.36,35.75,35.75,35.1,,,
2017-11-20,20,13.35,32.08,34.9,34.63,,,
2017-11-20,21,9.62,13,13.01,23.26,,,
2017-11-20,22,10.2,10.2,9.26,13,,,
2017-11-20,23,0,0,0,0,,,
2017-11-20,24,0,0,0,0,,,
2017-11-21,1,0,0,0,0,,,
2017-11-21,2,-0.01,0,0,0,,,
2017-11-21,3,-1.76,-0.02,-0.02,-0.02,,,
2017-11-21,4,-3,-3,-3,-3,,,
2017-11-21,5,-3,-0.01,0,0,,,
2017-11-21,6,-0.01,0,0,0,,,
2017-11-21,7,0,0,0,0,,,
2017-11-21,8,0,4.89,0,5.88,,,
2017-11-21,9,0,3.88,4.91,0,,,
2017-11-21,10,0,5.88,4.88,0,,,
2017-11-21,11,0,0,0,0,,,
2017-11-21,12,0,0,0,0,,,
2017-11-21,13,0,0,0,0,,,
2017-11-21,14,0,0,0,0,,,
2017-11-21,15,0,0,0,0,,,
2017-11-21,16,1.9,5.98,6.04,0,,,
2017-11-21,17,3.11,13.01,13.01,21.62,,,
2017-11-21,18,10.91,20.15,18.2,23.33,,,
2017-11-21,19,6.03,21.58,19.78,19.66,,,
2017-11-21,20,14.09,14.14,15,32.84,,,
2017-11-21,21,7.23,13,13,24.07,,,
2017-11-21,22,21.44,13,7.78,6.06,,,
2017-11-21,23,4.01,5.96,5.96,5.88,,,
2017-11-21,24,1.38,0,0,0,,,
2017-11-22,1,0,0,0,0,,,
2017-11-22,2,0,0,0,0,,,
2017-11-22,3,0,0,0,0,,,
2017-11-22,4,0,0,0,0,,,
2017-11-22,5,0,0,0,0,,,
2017-11-22,6,0,5.98,5.98,6.08,,,
2017-11-22,7,2.11,13,13,13,,,
2017-11-22,8,5.03,14.4,14.34,15.03,,,
2017-11-22,9,14.38,14.24,14.94,14.45,,,
2017-11-22,10,14.13,8.65,8.66,13.08,,,
2017-11-22,11,4.59,14.35,13.01,19.56,,,
2017-11-22,12,5.71,14.85,18,13,,,
2017-11-22,13,8.83,20.25,20.34,13.01,,,
2017-11-22,14,25.53,16,22.86,28.4,,,
2017-11-22,15,23.95,23.14,14.36,27.08,,,
2017-11-22,16,28.5,25.78,25.77,30.08,,,
2017-11-22,17,32.31,30,29.47,27.04,,,
2017-11-22,18,39.33,34.4,34.16,35.24,,,
2017-11-22,19,37.77,35.24,31.9,38.43,,,
2017-11-22,20,38.54,37.7,38.21,38.43,,,
2017-11-22,21,36.65,33.67,33.22,38.3,,,
2017-11-22,22,34.86,35.55,35.55,36.81,,,
2017-11-22,23,18.72,14.35,13.01,34.48,,,
2017-11-22,24,22.72,14.33,13.01,13.01,,,
2017-11-23,1,8.75,13,6.14,13,,,
2017-11-23,2,8.11,7.79,13,6.06,,,
2017-11-23,3,4.45,6.08,5.96,5.96,,,
2017-11-23,4,1.01,6.04,6.08,0,,,
2017-11-23,5,0.51,13,13,13,,,
2017-11-23,6,7.44,13.01,13.01,13,,,
2017-11-23,7,12.24,14.38,13.01,13.01,,,
2017-11-23,8,62.78,14.35,13.01,13,,,
2017-11-23,9,140,13.01,13.01,13.01,,,
2017-11-23,10,36.12,13,13,13,,,
2017-11-23,11,22.27,14.36,13,20,,,
2017-11-23,12,14.05,29.38,13,13,,,
2017-11-23,13,11.21,13.01,24.4,6.14,,,
2017-11-23,14,15.52,12,13,25.85,,,
2017-11-23,15,17.18,7.78,7.78,13.01,,,
2017-11-23,16,4.55,13.01,14.35,13.01,,,
2017-11-23,17,0.95,14.35,14.34,30.97,,,
2017-11-23,18,0.81,13,13,14.91,,,
2017-11-23,19,5.4,17.38,15.32,21.92,,,
2017-11-23,20,12.88,13,13.75,19.76,,,
2017-11-23,21,16.2,13,13,24.65,,,
2017-11-23,22,10.95,13,13,12.49,,,
2017-11-23,23,5.3,12,6.08,5.98,,,
2017-11-23,24,2.41,5.96,6.04,4.83,,,
2017-11-24,1,7.57,6.04,5.98,6.04,,,
2017-11-24,2,5.79,0,0,0,,,
2017-11-24,3,0,0,0,0,,,
2017-11-24,4,0,0,0,0,,,
2017-11-24,5,0,0,0,0,,,
2017-11-24,6,0,5.88,5.88,5.96,,,
2017-11-24,7,0,6.06,5.98,6.04,,,
2017-11-24,8,0,0,0,0,,,
2017-11-24,9,0,0,1.22,0,,,
2017-11-24,10,0,0,4.5,0,,,
2017-11-24,11,0,0,0,0,,,
2017-11-24,12,0,0,0,0,,,
2017-11-24,13,0,0,0,0,,,
2017-11-24,14,0,0,0,0,,,
2017-11-24,15,0,0,0,0,,,
2017-11-24,16,0,0,0,0,,,
2017-11-24,17,0,0,0,0,,,
2017-11-24,18,4.11,6.04,6.06,6.04,,,
2017-11-24,19,0,6.02,5.98,5.98,,,
2017-11-24,20,0,5.94,5.98,0,,,
2017-11-24,21,0,0,0,0,,,
2017-11-24,22,0,0,0,0,,,
2017-11-24,23,-0.04,0,0,-0.01,,,
2017-11-24,24,-1.3,-3,-3,-0.02,,,
2017-11-25,1,-2.26,-3,-3,-3,,,
2017-11-25,2,-3,-3,-3,-3,,,
2017-11-25,3,-4.08,-4,-4,-3,,,
2017-11-25,4,-4.1,-4,-4,-4,,,
2017-11-25,5,-4.09,-4,-4,-4,,,
2017-11-25,6,-3,-3,-3,-3,,,
2017-11-25,7,-3.25,-3,-3,-3,,,
2017-11-25,8,-2.5,-3,-3,-3,,,
2017-11-25,9,0,0,0,0,,,
2017-11-25,10,3.55,0,0,0,,,
2017-11-25,11,6.65,0,0,0,,,
2017-11-25,12,4.79,0,0,0,,,
2017-11-25,13,2.31,5.31,0,0,,,
2017-11-25,14,4.13,5.98,4.78,0,,,
2017-11-25,15,6.01,5.87,6,4.78,,,
2017-11-25,16,5.93,6.04,6.02,6.04,,,
2017-11-25,17,4.67,13,13,13,,,
2017-11-25,18,5.92,13,13,13,,,
2017-11-25,19,6.69,13,6.04,6.03,,,
2017-11-25,20,2.59,6.02,6.02,5.29,,,
2017-11-25,21,0,0,0,0,,,
2017-11-25,22,0,0,0,0,,,
2017-11-25,23,0,0,0,0,,,
2017-11-25,24,0,0,0,0,,,
2017-11-26,1,-0.26,-0.02,-0.02,-1,,,
2017-11-26,2,-3,-3,-3,-3,,,
2017-11-26,3,-3,-3,-3,-3,,,
2017-11-26,4,-3,-3,-3,-3,,,
2017-11-26,5,0,0,0,-3,,,
2017-11-26,6,0,0,0,0,,,
2017-11-26,7,1.99,0,0,0,,,
2017-11-26,8,5.35,4.78,0,0,,,
2017-11-26,9,5.94,4.78,5.31,5.87,,,
2017-11-26,10,11.53,10,6.02,6.02,,,
2017-11-26,11,13.36,13,13,13,,,
2017-11-26,12,10.31,13,6.06,6.14,,,
2017-11-26,13,8.46,6.14,6.12,5.98,,,
2017-11-26,14,2.37,6.02,6.04,5.98,,,
2017-11-26,15,0,0,0,4.78,,,
2017-11-26,16,0,6.02,6.02,6.02,,,
2017-11-26,17,2.41,13,13,13,,,
2017-11-26,18,6.03,13,13,13,,,
2017-11-26,19,6.01,6.02,6.02,6.02,,,
2017-11-26,20,3.6,5.29,1.36,4.8,,,
2017-11-26,21,5.08,5.87,5.39,0,,,
2017-11-26,22,4.44,0,5.94,0,,,
2017-11-26,23,0.45,0,0,0,,,
2017-11-26,24,0,0,0,0,,,
2017-11-27,1,0,0,0,0,,,
2017-11-27,2,0,0,0,0,,,
2017-11-27,3,0,0,0,0,,,
2017-11-27,4,0,0,0,0,,,
2017-11-27,5,0.93,0,0,0,,,
2017-11-27,6,6.6,13.35,13.36,15,,,
2017-11-27,7,23.26,32.33,32.33,32.32,,,
2017-11-27,8,36.86,30,30,30,,,
2017-11-27,9,45.07,33.94,33.94,32.14,,,
2017-11-27,10,34.7,33.94,33.45,32.17,,,
2017-11-27,11,26.01,33.94,32.15,33.94,,,
2017-11-27,12,13.45,32.61,31.25,33.94,,,
2017-11-27,13,6.69,13.38,13.37,20,,,
2017-11-27,14,33.34,33.94,33.94,33.94,,,
2017-11-27,15,22.68,25,25,33.94,,,
2017-11-27,16,18.62,31.9,32.96,34.9,,,
2017-11-27,17,37.83,35.17,34.71,37.83,,,
2017-11-27,18,52.3,41.15,37.87,39.03,,,
2017-11-27,19,61.97,41.16,37.87,38.35,,,
2017-11-27,20,34.97,39.03,35.91,34.9,,,
2017-11-27,21,10.79,34.58,32.47,31.25,,,
2017-11-27,22,2.02,14.34,14.46,30,,,
2017-11-27,23,4.12,13.37,13.34,13.34,,,
2017-11-27,24,1.51,6.02,6.04,6.02,,,
2017-11-28,1,0,0,0,0,,,
2017-11-28,2,0,0,0,0,,,
2017-11-28,3,0,0,0,0,,,
2017-11-28,4,0,0,0,0,,,
2017-11-28,5,0,0,0,0,,,
2017-11-28,6,0,0,0,0,,,
2017-11-28,7,0.84,13.34,6.02,5.39,,,
2017-11-28,8,3.72,6.02,6.06,5.09,,,
2017-11-28,9,0,1.36,1.36,5.88,,,
2017-11-28,10,0,0,0,0,,,
2017-11-28,11,0,0,0,0,,,
2017-11-28,12,-0.01,0,0,0,,,
2017-11-28,13,0,0,0,0,,,
2017-11-28,14,0,0,0,0,,,
2017-11-28,15,0,0,0,0,,,
2017-11-28,16,0,0,0,0,,,
2017-11-28,17,0.4,1.36,0,0,,,
2017-11-28,18,5.96,6.02,5.98,4.8,,,
2017-11-28,19,5.63,6.04,5.87,4.8,,,
2017-11-28,20,6.02,5.94,5.98,4.76,,,
2017-11-28,21,2.45,5.94,5.29,5.31,,,
2017-11-28,22,3.36,0,5.39,5.39,,,
2017-11-28,23,0.86,0,0,0,,,
2017-11-28,24,0,0,0,0,,,
2017-11-29,1,-1.51,-3,-0.02,-3,,,
2017-11-29,2,-3,-3,-3,-3,,,
2017-11-29,3,-3,-3,-3,-3,,,
2017-11-29,4,-3,-3,-3,-3,,,
2017-11-29,5,-3,-3,-3,-3,,,
2017-11-29,6,-0.52,0,0,0,,,
2017-11-29,7,0,5.96,6.04,5.96,,,
2017-11-29,8,1.45,3.69,3.69,6.07,,,
2017-11-29,9,6.01,0,5.44,5.35,,,
2017-11-29,10,5.78,0,0,0,,,
2017-11-29,11,0.49,13,6.16,6.08,,,
2017-11-29,12,0,13,13,6.14,,,
2017-11-29,13,0.98,6.16,13,6.07,,,
2017-11-29,14,13.56,6.16,13,23.69,,,
2017-11-29,15,9.26,13,13,26.75,,,
2017-11-29,16,14.55,14.4,14.38,28.42,,,
2017-11-29,17,42.5,35.5,33.4,34.68,,,
2017-11-29,18,32.82,36.82,32.09,36.85,,,
2017-11-29,19,29.78,32.76,32.09,34.21,,,
2017-11-29,20,27.18,20,20,34.87,,,
2017-11-29,21,29.08,19.88,14.4,32.09,,,
2017-11-29,22,15.96,13.01,13.01,14.37,,,
2017-11-29,23,3.82,13,6.14,5.98,,,
2017-11-29,24,3.59,6.02,6.12,6.04,,,
2017-11-30,1,0,6.02,5.98,5.94,,,
2017-11-30,2,0.45,0,1.5,0,,,
2017-11-30,3,0,0,0,0,,,
2017-11-30,4,0,0,0,0,,,
2017-11-30,5,0,0,0,0,,,
2017-11-30,6,0,0,0,0,,,
2017-11-30,7,0,13.01,13.01,13,,,
2017-11-30,8,4.99,14.36,14.38,26.67,,,
2017-11-30,9,4.61,13,13,14.81,,,
2017-11-30,10,2.5,13.01,13,13,,,
2017-11-30,11,11.58,6.04,6.02,0,,,
2017-11-30,12,45.79,6.02,6.04,4.86,,,
2017-11-30,13,49.75,6.12,5.87,5.5,,,
2017-11-30,14,6.02,13,13,0,,,
2017-11-30,15,1.92,12,11,6.02,,,
2017-11-30,16,3.73,1.36,5.35,14.34,,,
2017-11-30,17,8.19,13.01,13.01,14.39,,,
2017-11-30,18,2.84,13.02,13.01,27.22,,,
2017-11-30,19,14.34,28.91,14.39,28.82,,,
2017-11-30,20,14.35,13.01,13.01,27.11,,,
2017-11-30,21,35.15,13,13.01,23.13,,,
2017-11-30,22,22.44,13,13,13.01,,,
2017-11-30,23,10.9,13,6.14,5.98,,,
2017-11-30,24,15.27,6.02,6.02,6.02,,,
2017-12-01,1,4.98,5.41,5.06,2.28,,,
2017-12-01,2,0,0,0,0,,,
2017-12-01,3,0,0,0,0,,,
2017-12-01,4,0,0,0,0,,,
2017-12-01,5,2.89,0,0,0,,,
2017-12-01,6,6.6,6.12,10.88,6.03,,,
2017-12-01,7,47,14.39,14.36,14.36,,,
2017-12-01,8,27.5,32.45,14.35,24.97,,,
2017-12-01,9,31.41,30,30,33.84,,,
2017-12-01,10,35.93,32.54,31.64,16.28,,,
2017-12-01,11,13.24,14.37,13,31.67,,,
2017-12-01,12,14.38,14.4,14.36,25.04,,,
2017-12-01,13,14.34,14.35,14.35,31.64,,,
2017-12-01,14,18.62,6.14,13,14.34,,,
2017-12-01,15,8.13,13,13,32.87,,,
2017-12-01,16,5.81,14.37,14.39,36.65,,,
2017-12-01,17,14.31,36.65,36.65,37.82,,,
2017-12-01,18,30.63,42.59,39.42,36.39,,,
2017-12-01,19,31.07,45.74,45.74,37.17,,,
2017-12-01,20,34.37,35.69,39.42,37.82,,,
2017-12-01,21,31.64,20,31.64,36.78,,,
2017-12-01,22,32.02,20,20,33.09,,,
2017-12-01,23,20.69,13.01,13,14.39,,,
2017-12-01,24,26.65,13,13,13,,,
2017-12-02,1,10.88,13,13,13,,,
2017-12-02,2,12.98,13,13,6.04,,,
2017-12-02,3,14.37,5.94,5.94,5.94,,,
2017-12-02,4,13.69,0,0,0,,,
2017-12-02,5,14.37,0,0,0,,,
2017-12-02,6,14.4,6.02,5.29,0,,,
2017-12-02,7,12.96,6.02,6.02,0,,,
2017-12-02,8,2.93,6.02,5.87,5.87,,,
2017-12-02,9,10.9,6.04,6.06,5.94,,,
2017-12-02,10,14.39,13,6.12,6.04,,,
2017-12-02,11,14.39,6.04,6.04,6.02,,,
2017-12-02,12,6.72,13,6.02,6.02,,,
2017-12-02,13,1.64,13,13,6.06,,,
2017-12-02,14,-0.1,6.02,6.02,5.87,,,
2017-12-02,15,3.01,13,13,14.36,,,
2017-12-02,16,7.54,13,13,29.51,,,
2017-12-02,17,29.9,20.16,20.17,32.19,,,
2017-12-02,18,26.58,26.14,25.92,29.67,,,
2017-12-02,19,28.2,31.61,30.8,26.33,,,
2017-12-02,20,14.38,28.9,26.61,32.95,,,
2017-12-02,21,6.75,13,14.37,30.64,,,
2017-12-02,22,9.5,13,13,30.79,,,
2017-12-02,23,10.89,14.36,14.37,14.32,,,
2017-12-02,24,9.42,6.06,13,13,,,
2017-12-03,1,13.17,13,13,13,,,
2017-12-03,2,14.19,13,13,13,,,
2017-12-03,3,13.55,13,13,13,,,
2017-12-03,4,12.15,13,13,5.41,,,
2017-12-03,5,12.47,13,13,6.02,,,
2017-12-03,6,14.19,13,13,13,,,
2017-12-03,7,14.04,13,13,13,,,
2017-12-03,8,22.32,15.22,14.4,13.39,,,
2017-12-03,9,14.2,13,13,13,,,
2017-12-03,10,6.04,13,13,13,,,
2017-12-03,11,5.93,13,13,14.4,,,
2017-12-03,12,6.64,13,13,14.37,,,
2017-12-03,13,15.63,13,13,14.39,,,
2017-12-03,14,20.57,13,13,23.47,,,
2017-12-03,15,19.09,13,13,28.73,,,
2017-12-03,16,30.86,23.97,22.39,30.66,,,
2017-12-03,17,36.4,90.14,24.17,29.52,,,
2017-12-03,18,34.15,33.97,34.43,29.55,,,
2017-12-03,19,28.51,22.54,22.53,31.09,,,
2017-12-03,20,29.86,24.24,24.24,30.86,,,
2017-12-03,21,22.23,18.31,18,29.55,,,
2017-12-03,22,35.92,20,20,26.68,,,
2017-12-03,23,16.14,14.35,13.39,13,,,
2017-12-03,24,10.14,13,13,13,,,
2017-12-04,1,8.11,8.76,8.74,8.74,,,
2017-12-04,2,8.77,6.02,6.04,0,,,
2017-12-04,3,0.5,6.02,0,0,,,
2017-12-04,4,1,0,0,0,,,
2017-12-04,5,0,6.02,0,0,,,
2017-12-04,6,0.45,0,6.02,0,,,
2017-12-04,7,3.38,13,8.79,8.79,,,
2017-12-04,8,6.68,13,13,13,,,
2017-12-04,9,2.65,13,13,13,,,
2017-12-04,10,8.01,13,13,5.87,,,
2017-12-04,11,5.94,13,6.12,4.88,,,
2017-12-04,12,14.55,10.97,6.12,0,,,
2017-12-04,13,5.34,13,6.04,0,,,
2017-12-04,14,17.02,6.12,6.12,5.87,,,
2017-12-04,15,14.37,6.06,10.56,5.98,,,
2017-12-04,16,11.08,6.06,6.14,14.33,,,
2017-12-04,17,15.94,32.06,14.39,14.38,,,
2017-12-04,18,19.74,32.06,32.06,14.36,,,
2017-12-04,19,7.34,14.33,14.22,14.33,,,
2017-12-04,20,10.3,6.04,6.06,6.12,,,
2017-12-04,21,1.31,6.12,5.94,6.02,,,
2017-12-04,22,2.88,0,5.94,0,,,
2017-12-04,23,0,0,0,0,,,
2017-12-04,24,-1.28,-0.01,-0.01,-0.02,,,
2017-12-05,1,-2.75,-1,-3,-3,,,
2017-12-05,2,-3,-3,-3,-3,,,
2017-12-05,3,-3,-3,-3,-3,,,
2017-12-05,4,-3,-3,-3,-3,,,
2017-12-05,5,-3,-3,-3,-3,,,
2017-12-05,6,-3,-0.01,-0.02,0,,,
2017-12-05,7,-0.27,0,0,0,,,
2017-12-05,8,1.92,0,0,0,,,
2017-12-05,9,4.64,0,0,0,,,
2017-12-05,10,0,0,0,0,,,
2017-12-05,11,0.49,0,0,0,,,
2017-12-05,12,0,0,0,0,,,
2017-12-05,13,0,0,0,0,,,
2017-12-05,14,0,0,0,0,,,
2017-12-05,15,0,0,0,0,,,
2017-12-05,16,0,0,5.9,5.9,,,
2017-12-05,17,3.39,6.04,6.04,6.05,,,
2017-12-05,18,10.6,11.5,11.5,6.14,,,
2017-12-05,19,8.81,13,11.52,6.12,,,
2017-12-05,20,9.65,11.43,11.43,6.04,,,
2017-12-05,21,5.12,5.9,5.98,5.94,,,
2017-12-05,22,3.2,0,0,0,,,
2017-12-05,23,0,0,0,0,,,
2017-12-05,24,0,0,0,0,,,
2017-12-06,1,-0.51,-0.02,-0.02,-3,,,
2017-12-06,2,-3,-3,-3,-3,,,
2017-12-06,3,-3,-3,-3,-3,,,
2017-12-06,4,-3,-3,-3,-3,,,
2017-12-06,5,-3,-3,-3,-3,,,
2017-12-06,6,-2.54,-3,-3,-3,,,
2017-12-06,7,-0.25,0,0,0,,,
2017-12-06,8,3.04,6.06,5.15,1,,,
2017-12-06,9,0,5.98,5.98,0,,,
2017-12-06,10,0,0,0,0,,,
2017-12-06,11,0,0,0,0,,,
2017-12-06,12,0,0,0,0,,,
2017-12-06,13,0,0,0,0,,,
2017-12-06,14,0,0,0,0,,,
2017-12-06,15,0,0,0,0,,,
2017-12-06,16,0,0,0,0,,,
2017-12-06,17,5.77,6.14,13,13,,,
2017-12-06,18,10.92,13,13,13,,,
2017-12-06,19,8.51,13,13,13.01,,,
2017-12-06,20,6.68,13,13,13.33,,,
2017-12-06,21,6.02,6.04,6.06,13,,,
2017-12-06,22,5.5,6.04,13,5.98,,,
2017-12-06,23,2.28,0,4.8,5.11,,,
2017-12-06,24,0,0,0,0,,,
2017-12-07,1,0,0,0,0,,,
2017-12-07,2,-0.01,-0.01,0,0,,,
2017-12-07,3,-2.33,-3,-0.02,0,,,
2017-12-07,4,-2.79,-3,-3,-0.02,,,
2017-12-07,5,-1.83,-3,-3,-1,,,
2017-12-07,6,0.49,0,0,0,,,
2017-12-07,7,9.88,13,13,13,,,
2017-12-07,8,46.48,13.35,13.34,22.65,,,
2017-12-07,9,48.75,28.53,23,29.45,,,
2017-12-07,10,41.1,28.53,22.87,22.87,,,
2017-12-07,11,11.8,35.88,13.9,13.33,,,
2017-12-07,12,8.63,13.39,21.41,13.01,,,
2017-12-07,13,1.3,13.01,13,13,,,
2017-12-07,14,5.49,13,13,13,,,
2017-12-07,15,0,5.98,13.34,13.36,,,
2017-12-07,16,9.02,13.39,19.23,30.84,,,
2017-12-07,17,24.38,31.76,31.81,33.53,,,
2017-12-07,18,31.01,39.98,32.97,32.97,,,
2017-12-07,19,26.17,33.11,33.12,27.5,,,
2017-12-07,20,20.53,19.34,19.34,18.73,,,
2017-12-07,21,13.38,19.33,21.17,21.18,,,
2017-12-07,22,13.68,13.38,13.39,23.61,,,
2017-12-07,23,4.12,6.04,6.06,6.12,,,
2017-12-07,24,1.48,0,0,0,,,
2017-12-08,1,0,0,0,0,,,
2017-12-08,2,0,0,0,0,,,
2017-12-08,3,0,0,0,0,,,
2017-12-08,4,-0.01,0,0,0,,,
2017-12-08,5,0,0,0,0,,,
2017-12-08,6,-0.79,0,0,0,,,
2017-12-08,7,0.9,0,5.9,5.94,,,
2017-12-08,8,9.7,13.31,6.04,6.04,,,
2017-12-08,9,9.71,13.37,13.34,13.31,,,
2017-12-08,10,5.24,13,10,6.06,,,
2017-12-08,11,0,6.05,6.14,6.06,,,
2017-12-08,12,0,5.98,5.98,6.04,,,
2017-12-08,13,0,0,0,0,,,
2017-12-08,14,0,0,0,0,,,
2017-12-08,15,0,0,0,0,,,
2017-12-08,16,0,0,0,5.9,,,
2017-12-08,17,6.85,6.06,6.06,10,,,
2017-12-08,18,6.07,13.31,13.01,13.01,,,
2017-12-08,19,13.32,13.34,13.35,13.03,,,
2017-12-08,20,34.32,25.47,30.3,31.47,,,
2017-12-08,21,13.36,13.01,13.02,31.09,,,
2017-12-08,22,12.71,13.03,13.01,13.01,,,
2017-12-08,23,18.65,13.36,13.31,6.06,,,
2017-12-08,24,10.89,13,13,6.04,,,
2017-12-09,1,12.92,1.38,5.9,0,,,
2017-12-09,2,8.17,0,0,0,,,
2017-12-09,3,0,0,0,0,,,
2017-12-09,4,0,0,0,0,,,
2017-12-09,5,0,0,0,0,,,
2017-12-09,6,0,0,0,0,,,
2017-12-09,7,0.49,5.94,5.9,5.94,,,
2017-12-09,8,7.69,13,6.14,6.04,,,
2017-12-09,9,10.21,13.01,13.01,13,,,
2017-12-09,10,12.95,14.32,13.01,13,,,
2017-12-09,11,11.57,14.33,14.34,13.01,,,
2017-12-09,12,9.41,13.02,13.02,14.4,,,
2017-12-09,13,8.16,14.31,14.33,29.63,,,
2017-12-09,14,14.35,14.34,14.35,29.66,,,
2017-12-09,15,20.23,14.38,14.35,31.8,,,
2017-12-09,16,16.52,22.68,23.07,32.84,,,
2017-12-09,17,27.51,40.12,40.12,38.27,,,
2017-12-09,18,38.1,46.84,42.98,42.57,,,
2017-12-09,19,33.16,40.67,40.4,36.55,,,
2017-12-09,20,25.66,32.84,32.84,34.39,,,
2017-12-09,21,15.81,18.9,21.61,32.84,,,
2017-12-09,22,12.95,14.33,14.32,14.31,,,
2017-12-09,23,9.67,13.01,13.01,13.01,,,
2017-12-09,24,9.18,6.12,6.04,5.98,,,
2017-12-10,1,0,0,0,0,,,
2017-12-10,2,0,0,0,0,,,
2017-12-10,3,-0.02,0,0,0,,,
2017-12-10,4,-0.46,-0.02,0,-3,,,
2017-12-10,5,0,-0.02,-0.02,-3,,,
2017-12-10,6,0,0,0,-1,,,
2017-12-10,7,-2.52,0,0,0,,,
2017-12-10,8,0,0,0,0,,,
2017-12-10,9,0,0,0,0,,,
2017-12-10,10,2.83,0,0,0,,,
2017-12-10,11,0.92,0,0,0,,,
2017-12-10,12,0,5.9,5.9,0,,,
2017-12-10,13,0,0,5.94,0,,,
2017-12-10,14,0,0,0,0,,,
2017-12-10,15,3.76,0,0,0,,,
2017-12-10,16,6.52,0,6.04,6.03,,,
2017-12-10,17,10.08,13,13,14.35,,,
2017-12-10,18,14.36,14.84,14.33,13.02,,,
2017-12-10,19,12.02,14.37,14.35,14.84,,,
2017-12-10,20,7.13,14.35,14.35,14.34,,,
2017-12-10,21,9.73,13.01,13.01,14.32,,,
2017-12-10,22,9.7,13.01,13.01,13.01,,,
2017-12-10,23,1.49,13.01,13,13,,,
2017-12-10,24,4,5.98,13,6.12,,,
2017-12-11,1,10.86,13,13,0,,,
2017-12-11,2,7.4,6.06,6.06,0,,,
2017-12-11,3,5.99,5.9,5.98,0,,,
2017-12-11,4,6.01,0,3,5.94,,,
2017-12-11,5,12.96,5.94,5.94,6.14,,,
2017-12-11,6,8.8,13.01,13.01,13.01,,,
2017-12-11,7,21.9,46.56,29.63,29.63,,,
2017-12-11,8,31.14,32.69,32.69,34.43,,,
2017-12-11,9,24.08,30.87,29.66,32.46,,,
2017-12-11,10,28.66,31.06,28.33,31.06,,,
2017-12-11,11,31.45,31.06,31.06,32.46,,,
2017-12-11,12,36.27,32.46,32.46,32.46,,,
2017-12-11,13,27.72,16.22,15.67,32.46,,,
2017-12-11,14,20.35,15.74,14.34,29.63,,,
2017-12-11,15,18.54,15.94,15.93,24.13,,,
2017-12-11,16,25.86,16.91,20.51,28,,,
2017-12-11,17,25.63,35.02,31.06,32.46,,,
2017-12-11,18,31.21,53.28,48.58,33.98,,,
2017-12-11,19,30.79,40.88,40.88,35.34,,,
2017-12-11,20,30.46,31.06,34.44,36.5,,,
2017-12-11,21,29.33,31.22,31.06,32.23,,,
2017-12-11,22,31.8,29.64,29.66,29.63,,,
2017-12-11,23,24.18,17,16,30.4,,,
2017-12-11,24,13.66,14.31,14.3,13.02,,,
2017-12-12,1,16.05,12.55,12.55,13.01,,,
2017-12-12,2,15.71,13,5.98,5.94,,,
2017-12-12,3,5.08,0,0,0,,,
2017-12-12,4,0,0,0,0,,,
2017-12-12,5,0,0,0,0,,,
2017-12-12,6,0,0,0,0,,,
2017-12-12,7,0,13,13,13,,,
2017-12-12,8,4.4,14.33,14.32,6.06,,,
2017-12-12,9,6.08,14.33,14.34,6.16,,,
2017-12-12,10,12.95,13,13,13,,,
2017-12-12,11,14.31,13,6.08,6,,,
2017-12-12,12,14.34,6.17,13,0,,,
2017-12-12,13,7.46,6.08,6.08,6.07,,,
2017-12-12,14,6.04,6.07,6.06,0,,,
2017-12-12,15,6.01,13,13,6.06,,,
2017-12-12,16,5.74,14.4,25.26,13,,,
2017-12-12,17,9.84,30.37,30.37,29.7,,,
2017-12-12,18,29.86,32.46,32.46,32.46,,,
2017-12-12,19,30.81,31.71,31.7,32.46,,,
2017-12-12,20,29.31,32.46,31.68,32.46,,,
2017-12-12,21,13.66,13.02,14.34,30.57,,,
2017-12-12,22,12.27,13.02,13.02,13.02,,,
2017-12-12,23,10.08,6.14,6.12,6.04,,,
2017-12-12,24,5.58,5.94,5.94,5.9,,,
2017-12-13,1,0,0,0,0,,,
2017-12-13,2,0,0,0,0,,,
2017-12-13,3,0,0,0,0,,,
2017-12-13,4,0,0,0,0,,,
2017-12-13,5,0,0,0,0,,,
2017-12-13,6,3.8,5.94,5.94,0,,,
2017-12-13,7,10.82,13,13.01,13,,,
2017-12-13,8,36.71,33.09,33.09,33.09,,,
2017-12-13,9,33.96,31.44,31.44,33.09,,,
2017-12-13,10,37.6,31.44,31.44,33.09,,,
2017-12-13,11,35.54,31.44,31.44,32.86,,,
2017-12-13,12,31.56,31.45,24.52,33.09,,,
2017-12-13,13,29.08,30.65,30.36,25.22,,,
2017-12-13,14,28.3,29.19,29.95,29.19,,,
2017-12-13,15,28.69,22.06,27.59,31.45,,,
2017-12-13,16,25.88,24.09,24.09,29.96,,,
2017-12-13,17,29.04,37.05,36.17,34.83,,,
2017-12-13,18,32.29,42.39,42.88,35.74,,,
2017-12-13,19,31.33,32.66,34.82,35.74,,,
2017-12-13,20,31.1,33.45,33.45,34.81,,,
2017-12-13,21,31.68,31.45,32.66,31.44,,,
2017-12-13,22,32.69,32.8,32.45,32.66,,,
2017-12-13,23,16.6,23,23.36,30.36,,,
2017-12-13,24,3.53,13,13,13,,,
2017-12-14,1,2.46,13,13,13,,,
2017-12-14,2,4.38,6.03,6.04,6.04,,,
2017-12-14,3,0,4.83,0,0,,,
2017-12-14,4,3.01,0,0,5.94,,,
2017-12-14,5,7.86,6.02,6.02,6.04,,,
2017-12-14,6,39.46,18.33,13.37,13.01,,,
2017-12-14,7,47.66,37.24,37.27,35.21,,,
2017-12-14,8,171.43,68.8,65.53,39.08,,,
2017-12-14,9,235.87,37.6,35,34.53,,,
2017-12-14,10,36.29,40.8,34.55,33.99,,,
2017-12-14,11,33.52,34.24,34,33.93,,,
2017-12-14,12,25.75,33,32.32,33.85,,,
2017-12-14,13,13.96,32.72,32.81,32.72,,,
2017-12-14,14,23.55,31.06,32.71,32.72,,,
2017-12-14,15,31.38,32.1,32.1,32.88,,,
2017-12-14,16,32.53,34.83,34.31,34.83,,,
2017-12-14,17,33.12,40.17,40.17,40.07,,,
2017-12-14,18,39.82,50.17,50.25,45.08,,,
2017-12-14,19,36.3,40,47.02,47.02,,,
2017-12-14,20,33.38,34.31,34.3,40.82,,,
2017-12-14,21,35.59,34.24,34.44,36.37,,,
2017-12-14,22,35.45,34.28,34.31,38.55,,,
2017-12-14,23,36.9,30.92,32.9,34.14,,,
2017-12-14,24,39.78,32.9,32.9,13.57,,,
2017-12-15,1,13.33,13.34,13.33,32.3,,,
2017-12-15,2,13.32,13.33,13.32,26.93,,,
2017-12-15,3,12.08,13,13.23,13.33,,,
2017-12-15,4,13.31,13.32,13.31,13.31,,,
2017-12-15,5,7.24,13.29,13.3,13.39,,,
2017-12-15,6,9.65,13.35,13.34,13.35,,,
2017-12-15,7,33.53,38.56,38.56,33.98,,,
2017-12-15,8,59.4,58.13,54.24,36.85,,,
2017-12-15,9,40.04,46.56,46.56,34.08,,,
2017-12-15,10,37.11,39.84,35.6,33.88,,,
2017-12-15,11,32.41,32.3,32.95,32.3,,,
2017-12-15,12,31.85,32.53,30.73,32.3,,,
2017-12-15,13,13.37,27.5,20.5,30.73,,,
2017-12-15,14,32.35,32.68,32.68,13.36,,,
2017-12-15,15,36.1,33.16,33.16,32.3,,,
2017-12-15,16,20.04,43.67,38.93,32.3,,,
2017-12-15,17,58.8,64,85.68,56.64,,,
2017-12-15,18,135.23,68.42,75.13,68.42,,,
2017-12-15,19,46.84,56.64,46.32,56.64,,,
2017-12-15,20,13.35,49.17,45.34,37.26,,,
2017-12-15,21,12.72,32.43,32.56,35.11,,,
2017-12-15,22,21.98,30.73,30.96,32.9,,,
2017-12-15,23,8.33,13,13.3,16.65,,,
2017-12-15,24,10.28,6.04,6.04,13,,,
2017-12-16,1,13.31,12.99,12.99,13,,,
2017-12-16,2,11.49,5.31,0,0,,,
2017-12-16,3,13.31,13,13,0,,,
2017-12-16,4,0,0,0,0,,,
2017-12-16,5,0,13,13,13,,,
2017-12-16,6,0,13,13,13,,,
2017-12-16,7,8.22,13.36,14.4,13.36,,,
2017-12-16,8,24.55,23.07,27.58,22,,,
2017-12-16,9,33.92,31.96,29.52,33.91,,,
2017-12-16,10,33.3,31.74,30.63,30.86,,,
2017-12-16,11,46.74,33.32,32.96,32.94,,,
2017-12-16,12,33.31,37.67,35.68,32.12,,,
2017-12-16,13,30.89,37.12,34.97,32.12,,,
2017-12-16,14,30.33,33.98,32.99,34,,,
2017-12-16,15,32.23,33.47,33.47,32.12,,,
2017-12-16,16,30.92,32.12,32.12,36.88,,,
2017-12-16,17,35.93,37.64,37.64,39.98,,,
2017-12-16,18,37.02,38.42,38.42,39.98,,,
2017-12-16,19,36.87,37,37.07,38.1,,,
2017-12-16,20,36.89,37,36.81,37.11,,,
2017-12-16,21,38.3,36.12,34.98,35.6,,,
2017-12-16,22,67.32,33.97,34.01,34.98,,,
2017-12-16,23,35.17,31.76,31.68,33.99,,,
2017-12-16,24,21.86,23.85,23.85,30.63,,,
2017-12-17,1,30.74,20,21,32.04,,,
2017-12-17,2,24.88,15,15,27.35,,,
2017-12-17,3,13.33,13.33,13.33,20,,,
2017-12-17,4,1.55,13.32,13.29,20,,,
2017-12-17,5,2.13,13.04,13.04,13.37,,,
2017-12-17,6,13.31,13.02,13.02,13.35,,,
2017-12-17,7,16.63,13.84,13.52,29.78,,,
2017-12-17,8,13.35,13.34,13.32,13.32,,,
2017-12-17,9,26.08,29.78,29.78,29.78,,,
2017-12-17,10,28.92,16.5,18.5,15.65,,,
2017-12-17,11,27.25,30.63,27.69,32.04,,,
2017-12-17,12,31.11,32.04,30.79,32.04,,,
2017-12-17,13,31.02,29.81,29.81,30.63,,,
2017-12-17,14,16.25,30.63,26.96,30.63,,,
2017-12-17,15,13.34,29.78,26.55,32.04,,,
2017-12-17,16,18.73,32.04,32.04,33.32,,,
2017-12-17,17,29.53,37.46,38.08,43.74,,,
2017-12-17,18,38.58,38.88,38.64,39.23,,,
2017-12-17,19,38.57,38.64,38.88,38.88,,,
2017-12-17,20,38.02,38.51,38.51,38.5,,,
2017-12-17,21,38.39,38.29,38.18,38.1,,,
2017-12-17,22,34.09,32,32.22,33.13,,,
2017-12-17,23,20.71,26.34,24.94,32.04,,,
2017-12-17,24,7.6,13.27,13.29,13.35,,,
2017-12-18,1,11.53,14,14,29.77,,,
2017-12-18,2,4.2,13.03,13.3,29.77,,,
2017-12-18,3,7.09,13.02,13.03,13.38,,,
2017-12-18,4,1.33,13.02,13.02,13.34,,,
2017-12-18,5,0.44,13.32,13.31,26.19,,,
2017-12-18,6,13.34,39.42,39.25,38.5,,,
2017-12-18,7,19.9,45.13,45.13,43.32,,,
2017-12-18,8,33.31,45.42,49,40.13,,,
2017-12-18,9,41.09,46.11,46.11,40.13,,,
2017-12-18,10,73.98,40.13,40.13,32.94,,,
2017-12-18,11,67.31,40.56,40,32.04,,,
2017-12-18,12,20.42,39.99,30.85,32.04,,,
2017-12-18,13,11.85,31.69,31.76,30.63,,,
2017-12-18,14,13.34,28.15,30,31.74,,,
2017-12-18,15,20.76,31.74,31.74,30.99,,,
2017-12-18,16,30.87,32.94,32.94,30.79,,,
2017-12-18,17,30.55,34.99,35.2,33.97,,,
2017-12-18,18,34.54,38.12,38.12,38.08,,,
2017-12-18,19,31.45,35.68,35.68,33.06,,,
2017-12-18,20,25.46,33.02,33.07,32.64,,,
2017-12-18,21,20.57,30.77,31.79,31.66,,,
2017-12-18,22,14.46,13.38,19.11,29.77,,,
2017-12-18,23,6.34,6.13,10,13.35,,,
2017-12-18,24,1.4,0,4.78,5.29,,,
2017-12-19,1,0,0,0,0,,,
2017-12-19,2,0,0,0,0,,,
2017-12-19,3,0,0,0,-0.02,,,
2017-12-19,4,-0.02,0,0,-0.02,,,
2017-12-19,5,-0.02,0,0,0,,,
2017-12-19,6,0,0,0,0,,,
2017-12-19,7,0.85,6.06,6.04,0,,,
2017-12-19,8,4.65,9.26,13,6.14,,,
2017-12-19,9,6.02,13,13,13,,,
2017-12-19,10,6.05,13,13,6.02,,,
2017-12-19,11,9.5,10.12,10.12,6.06,,,
2017-12-19,12,6.02,13,13,6.06,,,
2017-12-19,13,6.02,0,6.02,5.98,,,
2017-12-19,14,13.62,4.8,0,5.98,,,
2017-12-19,15,11.6,5.98,5.98,4.8,,,
2017-12-19,16,6.02,6.02,6.02,6.02,,,
2017-12-19,17,1.95,14.36,14.37,14.35,,,
2017-12-19,18,4.39,13,13,14.35,,,
2017-12-19,19,4.91,13,13,14.34,,,
2017-12-19,20,6.04,12.99,12.99,14.25,,,
2017-12-19,21,11.7,11,13,14.34,,,
2017-12-19,22,8.74,6.14,6.04,14.35,,,
2017-12-19,23,2.88,0,0,0,,,
2017-12-19,24,0,0,0,0,,,
2017-12-20,1,0,0,0,0,,,
2017-12-20,2,-0.06,-0.02,-0.25,0,,,
2017-12-20,3,-2.58,-3,-0.5,-3,,,
2017-12-20,4,-3,-3,-0.25,-0.02,,,
2017-12-20,5,-1.8,0,0,0,,,
2017-12-20,6,0,5.29,0,0,,,
2017-12-20,7,1.94,13.01,13,13,,,
2017-12-20,8,16.16,13.02,13.02,13.02,,,
2017-12-20,9,40.08,14.34,13.02,14.33,,,
2017-12-20,10,40.48,14.87,14.85,13.02,,,
2017-12-20,11,13.66,14.35,14.33,19.4,,,
2017-12-20,12,5.96,14.35,13,14.39,,,
2017-12-20,13,6.02,13.4,13.4,14.88,,,
2017-12-20,14,14.38,13,13,14.39,,,
2017-12-20,15,24.38,14.33,13.88,24.56,,,
2017-12-20,16,20.37,30.04,25.55,32.41,,,
2017-12-20,17,35.17,35.86,34.83,35,,,
2017-12-20,18,36.35,37.77,38.46,41.81,,,
2017-12-20,19,35.8,38.46,35.85,39.59,,,
2017-12-20,20,36.23,35.82,41.81,35.84,,,
2017-12-20,21,42.25,35.79,35.82,39.98,,,
2017-12-20,22,49.04,35.01,34.83,35.16,,,
2017-12-20,23,23.62,28.11,28.11,29.21,,,
2017-12-20,24,26.22,14.4,14.39,14.37,,,
2017-12-21,1,14.35,14.32,14.32,13.04,,,
2017-12-21,2,12.26,13.02,13.02,14.35,,,
2017-12-21,3,12.25,13.02,13.02,13.02,,,
2017-12-21,4,14.33,13,13.01,13,,,
2017-12-21,5,14.32,13.01,13.02,13,,,
2017-12-21,6,15.06,31.18,31.09,25.21,,,
2017-12-21,7,24.22,47.26,47.26,47.26,,,
2017-12-21,8,55.45,58,59.96,47.39,,,
2017-12-21,9,34.49,45.94,35.34,34.62,,,
2017-12-21,10,33.56,43,40.41,33.81,,,
2017-12-21,11,32.55,33.81,33.81,33.81,,,
2017-12-21,12,32.85,33.81,33.81,33.81,,,
2017-12-21,13,19.75,29.81,29.06,33.81,,,
2017-12-21,14,30.98,26.87,26.87,32.78,,,
2017-12-21,15,29.59,29.52,30.13,33.81,,,
2017-12-21,16,28.97,31.28,30.95,33.81,,,
2017-12-21,17,36.95,42.23,33.66,44.72,,,
2017-12-21,18,32.11,66.8,59.96,53.15,,,
2017-12-21,19,30.99,63.1,53.15,45.98,,,
2017-12-21,20,31.65,42.23,40.95,33.81,,,
2017-12-21,21,26.51,32.51,32.51,33.39,,,
2017-12-21,22,16.68,14.39,14.4,31.61,,,
2017-12-21,23,10.05,14.36,14.37,14.37,,,
2017-12-21,24,6.19,13.01,14.3,14.23,,,
2017-12-22,1,1.19,13.02,13.02,13.01,,,
2017-12-22,2,0,0,13,13,,,
2017-12-22,3,0,0,0,0,,,
2017-12-22,4,0,0,0,0,,,
2017-12-22,5,0,5.31,13,0,,,
2017-12-22,6,1.19,14.33,14.34,13.01,,,
2017-12-22,7,7.92,29.9,30.12,32.27,,,
2017-12-22,8,17.49,35.1,33.02,46.53,,,
2017-12-22,9,15.3,45.57,45.57,45.57,,,
2017-12-22,10,34.36,32.22,44.41,32.74,,,
2017-12-22,11,61.28,40.71,40.71,32.74,,,
2017-12-22,12,68.49,52.97,52.97,32.74,,,
2017-12-22,13,33.4,91.62,58.11,32.74,,,
2017-12-22,14,34.44,90,90,33.3,,,
2017-12-22,15,33.43,38.99,59.75,34.42,,,
2017-12-22,16,32.83,59.75,84.11,48.15,,,
2017-12-22,17,36.94,85.3,85.3,59.75,,,
2017-12-22,18,38.96,59.75,59.75,67.19,,,
2017-12-22,19,37.3,60,59.75,55.17,,,
2017-12-22,20,42.68,59.75,67.65,52.97,,,
2017-12-22,21,36.7,59.75,47.61,35.6,,,
2017-12-22,22,32.99,32.63,32.75,32.74,,,
2017-12-22,23,30.34,32.52,32.29,32.74,,,
2017-12-22,24,14.24,14.37,14.34,14.34,,,
2017-12-23,1,14.36,23.88,24.22,14.39,,,
2017-12-23,2,14.33,14.3,14.35,14.36,,,
2017-12-23,3,11.62,14.3,13,14.31,,,
2017-12-23,4,-0.26,14.27,14.3,13,,,
2017-12-23,5,14.33,13,14.3,14.3,,,
2017-12-23,6,14.32,14.35,14.3,14.31,,,
2017-12-23,7,9.94,14.37,23.55,14.32,,,
2017-12-23,8,2.91,14.35,14.35,14.38,,,
2017-12-23,9,9.48,14.35,14.33,14.33,,,
2017-12-23,10,20.46,14.35,14.35,14.31,,,
2017-12-23,11,38.73,22.89,23.37,30.89,,,
2017-12-23,12,25.59,14.34,14.35,31.52,,,
2017-12-23,13,44.29,31.52,14.38,14.39,,,
2017-12-23,14,10.89,31.04,29.71,31.52,,,
2017-12-23,15,8.63,18,24,31.52,,,
2017-12-23,16,7.98,31.52,31.52,31.9,,,
2017-12-23,17,4.51,16.01,18,31.52,,,
2017-12-23,18,12.15,14.38,17,32.19,,,
2017-12-23,19,14.37,14.39,15.02,31.52,,,
2017-12-23,20,28.09,14.39,16,30.89,,,
2017-12-23,21,14.31,14.29,13.02,30.8,,,
2017-12-23,22,12.27,13.03,13.02,13.01,,,
2017-12-23,23,10.87,13.01,13.01,13.02,,,
2017-12-23,24,3.51,13,13,13,,,
2017-12-24,1,5.76,13,13,13,,,
2017-12-24,2,1.99,6.02,13,6.02,,,
2017-12-24,3,0,0,0,0,,,
2017-12-24,4,4.86,0,0,0,,,
2017-12-24,5,6.19,0,0,0,,,
2017-12-24,6,13.32,13,13,0,,,
2017-12-24,7,16.64,5.29,5.31,13.33,,,
2017-12-24,8,12.91,6.03,6.02,6.02,,,
2017-12-24,9,11.51,29.04,12,13,,,
2017-12-24,10,8.49,13.32,13.31,13.01,,,
2017-12-24,11,13.32,14.35,13.34,26.02,,,
2017-12-24,12,13.34,13.38,13.37,13.35,,,
2017-12-24,13,104.24,13.39,20,13.31,,,
2017-12-24,14,13.37,13.3,13.01,23.37,,,
2017-12-24,15,14.8,13.37,13.32,12,,,
2017-12-24,16,10.29,13.35,13.01,13.32,,,
2017-12-24,17,6.04,15.82,15.81,13,,,
2017-12-24,18,5.87,13.34,13.33,18.88,,,
2017-12-24,19,10.18,14.85,15,11,,,
2017-12-24,20,7.25,13,13,13.01,,,
2017-12-24,21,11.5,13.01,13,13,,,
2017-12-24,22,12.72,13,13,12.2,,,
2017-12-24,23,12.12,13,13,13,,,
2017-12-24,24,9.03,6.02,6.02,5.98,,,
2017-12-25,1,7.89,5.94,5.33,0,,,
2017-12-25,2,-0.03,0,0,0,,,
2017-12-25,3,-3,-3,-3,-3,,,
2017-12-25,4,-3.17,-3,-3,-3,,,
2017-12-25,5,-3.25,-3,-3,-3,,,
2017-12-25,6,-3,-0.02,-0.02,-0.02,,,
2017-12-25,7,-3.93,0,0,0,,,
2017-12-25,8,-3.08,0,0,0,,,
2017-12-25,9,-1.56,0,0,0,,,
2017-12-25,10,-0.06,0,0,0,,,
2017-12-25,11,-0.11,0,0,0,,,
2017-12-25,12,-0.11,0,0,0,,,
2017-12-25,13,-0.03,0,0,0,,,
2017-12-25,14,-3,-0.1,-1,-0.1,,,
2017-12-25,15,-3,-3,-0.25,-0.1,,,
2017-12-25,16,-3,0,0,0,,,
2017-12-25,17,-0.03,0,0,0,,,
2017-12-25,18,0,0,0,0,,,
2017-12-25,19,0,0,0,0,,,
2017-12-25,20,0,0,0,0,,,
2017-12-25,21,0,0,0,0,,,
2017-12-25,22,0,0,0,0,,,
2017-12-25,23,0,0,0,0,,,
2017-12-25,24,0,0,0,0,,,
2017-12-26,1,-1.76,-0.1,-0.1,0,,,
2017-12-26,2,-3,-3,-3,-3,,,
2017-12-26,3,-3,-3,-3,-3,,,
2017-12-26,4,-3,-3,-3,-3,,,
2017-12-26,5,-3,-3,-3,-3,,,
2017-12-26,6,-0.8,0,0,-0.02,,,
2017-12-26,7,0,0,0,0,,,
2017-12-26,8,4.69,0,0,0,,,
2017-12-26,9,7.26,5.94,5.94,0,,,
2017-12-26,10,10.3,6.02,6.02,5.16,,,
2017-12-26,11,14.38,6.02,5.98,0,,,
2017-12-26,12,12.71,13,6.02,0,,,
2017-12-26,13,8.48,13,10,6.02,,,
2017-12-26,14,0,13,6.12,6.14,,,
2017-12-26,15,2.91,5.94,6.02,5.98,,,
2017-12-26,16,7.84,12.56,12.56,13.52,,,
2017-12-26,17,14.07,13.02,13.3,25.96,,,
2017-12-26,18,23.82,13.33,13.3,29.13,,,
2017-12-26,19,17.54,16.36,15.8,13.91,,,
2017-12-26,20,18.72,19.91,16.33,13.94,,,
2017-12-26,21,15.88,13.38,13.39,29.71,,,
2017-12-26,22,16.22,13.34,13.35,13.32,,,
2017-12-26,23,7.34,13.3,13.22,13.02,,,
2017-12-26,24,3.9,13.02,13.03,13.02,,,
2017-12-27,1,10.3,13.02,13.02,13,,,
2017-12-27,2,13.33,13,13,6.12,,,
2017-12-27,3,13.32,13,12.76,12.77,,,
2017-12-27,4,10.87,13.01,13,13,,,
2017-12-27,5,2.92,13.01,13.02,13,,,
2017-12-27,6,2.49,13.3,13.32,13.36,,,
2017-12-27,7,25.71,31.98,31.89,31.98,,,
2017-12-27,8,31.73,32.31,32.3,32.3,,,
2017-12-27,9,54.9,47.58,47.58,32.3,,,
2017-12-27,10,40.7,47.57,47.57,32.3,,,
2017-12-27,11,35.42,35.44,35.54,37.39,,,
2017-12-27,12,40.67,42.34,32.3,37.39,,,
2017-12-27,13,31.48,34.52,33.95,36.7,,,
2017-12-27,14,21.68,32.3,32.3,30.64,,,
2017-12-27,15,31.79,32.3,32.3,13.33,,,
2017-12-27,16,36.63,39.22,37.39,32.3,,,
2017-12-27,17,53.7,65.34,65.34,47.58,,,
2017-12-27,18,45.72,102.76,52.85,74.2,,,
2017-12-27,19,46.32,74.2,79.13,43.76,,,
2017-12-27,20,44.84,47.58,47.58,74.2,,,
2017-12-27,21,47.8,47.57,48,47.58,,,
2017-12-27,22,53.31,48.45,48,47.57,,,
2017-12-27,23,38.29,43.02,37.39,36.68,,,
2017-12-27,24,35.12,34.59,35.33,35.33,,,
2017-12-28,1,41.07,37.48,37.48,35.41,,,
2017-12-28,2,35.33,35.33,35.34,36.13,,,
2017-12-28,3,32.91,35.31,35.31,36.14,,,
2017-12-28,4,32.74,35.31,35.34,36.2,,,
2017-12-28,5,35.77,36.2,36.18,36.18,,,
2017-12-28,6,35.92,58.8,63.04,36.18,,,
2017-12-28,7,39.55,69.16,69.14,59.95,,,
2017-12-28,8,40.8,81.89,81.89,80.28,,,
2017-12-28,9,42.06,86.18,86.18,79.27,,,
2017-12-28,10,42.13,41.3,68,42.04,,,
2017-12-28,11,104.93,58.01,43.1,60,,,
2017-12-28,12,54.42,45,43.1,39.34,,,
2017-12-28,13,40.16,42.04,41.3,39.47,,,
2017-12-28,14,36.06,36.13,36.14,36.22,,,
2017-12-28,15,35.44,35.24,35.56,37.03,,,
2017-12-28,16,37.5,41.3,42.04,41.3,,,
2017-12-28,17,44.96,96,84.15,48.8,,,
2017-12-28,18,43.49,138.92,138.92,105.66,,,
2017-12-28,19,42.13,140.88,140.88,115.93,,,
2017-12-28,20,41.76,104.1,104.1,86.94,,,
2017-12-28,21,44.88,44.14,82.63,45,,,
2017-12-28,22,44.14,43.1,43.1,48.13,,,
2017-12-28,23,39.76,39.47,39.46,39.01,,,
2017-12-28,24,35.47,35,35.19,36.22,,,
2017-12-29,1,35.9,34.16,34.16,36.65,,,
2017-12-29,2,34.14,34.16,34.16,34.16,,,
2017-12-29,3,31.58,34.16,34.16,34.16,,,
2017-12-29,4,32.3,34.16,34.16,34.16,,,
2017-12-29,5,34.88,34.16,34.16,34.16,,,
2017-12-29,6,39.96,41.3,42.61,42.76,,,
2017-12-29,7,40.84,42.79,42.63,42.99,,,
2017-12-29,8,41.79,42.98,47.21,42.98,,,
2017-12-29,9,44.09,50,49.02,50,,,
2017-12-29,10,45.37,43.13,45,42.88,,,
2017-12-29,11,53.24,45,45,42.61,,,
2017-12-29,12,68.5,55,43.13,42.61,,,
2017-12-29,13,57.55,75,55,42.95,,,
2017-12-29,14,46.73,75.53,73.04,49,,,
2017-12-29,15,42.39,55,55,42.61,,,
2017-12-29,16,43.04,48,52.17,50.82,,,
2017-12-29,17,48.5,113.03,93.03,103,,,
2017-12-29,18,50.54,150,150,86.07,,,
2017-12-29,19,46.51,87.91,87.91,81.23,,,
2017-12-29,20,41.06,47.43,46.67,46.67,,,
2017-12-29,21,46.52,51.14,51.94,45.29,,,
2017-12-29,22,38.92,39.6,42.77,43.26,,,
2017-12-29,23,37.25,38.24,38.24,39.58,,,
2017-12-29,24,36.67,38.86,38.93,36.71,,,
2017-12-30,1,39.57,38.27,38.75,38.48,,,
2017-12-30,2,39.39,37.48,37.48,37.78,,,
2017-12-30,3,38.98,37.48,37.48,37.48,,,
2017-12-30,4,36.07,37.48,37.48,37.48,,,
2017-12-30,5,33.61,38.82,38.75,37.48,,,
2017-12-30,6,35.36,75.27,70,40.27,,,
2017-12-30,7,39.04,47.09,75.27,42.69,,,
2017-12-30,8,38.86,46.34,47.09,46.34,,,
2017-12-30,9,39.65,42.5,45.29,42.68,,,
2017-12-30,10,40.97,39.52,40.28,39.93,,,
2017-12-30,11,51.81,42.82,42.49,39.46,,,
2017-12-30,12,40.93,47.09,42.5,39.47,,,
2017-12-30,13,41.97,47.09,60,39.46,,,
2017-12-30,14,35.26,45.29,49.86,39.51,,,
2017-12-30,15,14.39,37.48,37.48,38.78,,,
2017-12-30,16,29.28,37.48,37.48,38.61,,,
2017-12-30,17,39.74,49.52,81.89,41.92,,,
2017-12-30,18,41.3,150,108,42.5,,,
2017-12-30,19,40.89,45.29,54.87,40.27,,,
2017-12-30,20,39.51,42.5,42.5,42.5,,,
2017-12-30,21,41.11,41.11,41.61,39.37,,,
2017-12-30,22,43.27,40.28,44.27,40.27,,,
2017-12-30,23,39.2,38.61,38.76,40.28,,,
2017-12-30,24,39.26,38.63,38.82,37.48,,,
2017-12-31,1,40.57,40.04,40.04,39.46,,,
2017-12-31,2,50.9,40.04,40.04,40.04,,,
2017-12-31,3,46.36,40.04,40.04,40.04,,,
2017-12-31,4,34.85,34.55,33.58,38.27,,,
2017-12-31,5,41.8,40.04,40.04,38.26,,,
2017-12-31,6,42.2,40.04,42,40.04,,,
2017-12-31,7,39.69,42.69,41.45,40.04,,,
2017-12-31,8,44.72,44.05,48,41.45,,,
2017-12-31,9,42.04,42.5,42.4,45.28,,,
2017-12-31,10,42.56,46.34,46.34,48.6,,,
2017-12-31,11,42.37,42.69,42.68,46.34,,,
2017-12-31,12,41.77,42.4,42.4,41.52,,,
2017-12-31,13,41.6,40.28,41.48,40.28,,,
2017-12-31,14,40.58,40.04,40.04,40.04,,,
2017-12-31,15,41.29,40.04,40.04,40.04,,,
2017-12-31,16,39.43,39.52,42.5,42.5,,,
2017-12-31,17,45.8,75.71,75.2,50,,,
2017-12-31,18,50.45,116.33,116.33,50,,,
2017-12-31,19,46.1,116.33,116.33,50.47,,,
2017-12-31,20,40.04,75,74.89,47.09,,,
2017-12-31,21,39.71,42.5,46.34,45,,,
2017-12-31,22,39.37,40.04,40.04,42.5,,,
2017-12-31,23,39.79,39.9,40.04,40.28,,,
2017-12-31,24,42.56,39.53,40.04,40.04,,,
